駅	32	0.042105	0.071535
-	47	0.061842	0.061842
松川	11	0.014474	0.043422
の	23	0.030263	0.030263
信濃松川	7	0.009211	0.027633
安曇	7	0.009211	0.027633
。	19	0.025000	0.025000
鉄道	9	0.011842	0.023684
大糸線	5	0.006579	0.019737
（	14	0.018421	0.018421
）	14	0.018421	0.018421
%	14	0.018421	0.018421
東日本旅客鉄道	5	0.006579	0.017757
松本	5	0.006579	0.015138
年	11	0.014474	0.014474
[	11	0.014474	0.014474
]	11	0.014474	0.014474
村	5	0.006579	0.013679
編集	9	0.011842	0.011842
・	9	0.011842	0.011842
しな	3	0.003947	0.011841
沓掛	3	0.003947	0.011841
南小谷	3	0.003947	0.011841
日	8	0.010526	0.010526
1	8	0.010526	0.010526
駅舎	3	0.003947	0.009941
野	3	0.003947	0.009941
バス	4	0.005263	0.009711
:	7	0.009211	0.009211
2	7	0.009211	0.009211
は	7	0.009211	0.009211
東日本	3	0.003947	0.009082
業務	3	0.003947	0.009082
池田	3	0.003947	0.009082
信濃	3	0.003947	0.009082
■	3	0.003947	0.008471
ホーム	3	0.003947	0.008471
長野	3	0.003947	0.008057
まつ	2	0.002632	0.007896
北細野	2	0.002632	0.007896
北安曇	2	0.002632	0.007896
赤芝	2	0.002632	0.007896
612	2	0.002632	0.007896
穂高	2	0.002632	0.007896
豊科	2	0.002632	0.007896
信濃大町	2	0.002632	0.007896
セピア	2	0.002632	0.007896
有明	2	0.002632	0.007896
細野	2	0.002632	0.007896
.	6	0.007895	0.007895
6	6	0.007895	0.007895
を	6	0.007895	0.007895
、	6	0.007895	0.007895
構造	3	0.003947	0.007894
JR	3	0.003947	0.007511
路線	3	0.003947	0.007511
北	3	0.003947	0.007283
委託	2	0.002632	0.007104
取扱	2	0.002632	0.007104
km	3	0.003947	0.007018
面	3	0.003947	0.007018
線	3	0.003947	0.006706
白馬	2	0.002632	0.006629
月	5	0.006579	0.006579
と	5	0.006579	0.006579
E	5	0.006579	0.006579
|	5	0.006579	0.006579
2008	3	0.003947	0.006323
昭和	3	0.003947	0.006323
地上	2	0.002632	0.006311
人員	2	0.002632	0.006311
みどり	2	0.002632	0.006311
窓口	2	0.002632	0.006311
貨物	2	0.002632	0.006311
*	2	0.002632	0.006056
隣	2	0.002632	0.006056
国有	2	0.002632	0.006056
わ	2	0.002632	0.005801
乗車	2	0.002632	0.005801
1937	2	0.002632	0.005801
状況	2	0.002632	0.005801
同時に	2	0.002632	0.005801
国鉄	2	0.002632	0.005801
島	2	0.002632	0.005649
改称	2	0.002632	0.005472
郡	2	0.002632	0.005373
ある	4	0.005263	0.005263
4	4	0.005263	0.005263
7	4	0.005263	0.005263
が	4	0.005263	0.005263
9	4	0.005263	0.005263
周辺	2	0.002632	0.005144
※	2	0.002632	0.005144
BF	2	0.002632	0.005144
県	3	0.003947	0.005135
10	3	0.003947	0.005135
なる	3	0.003947	0.005135
方面	2	0.002632	0.005009
?	2	0.002632	0.004680
所属	2	0.002632	0.004680
年度	2	0.002632	0.004680
17	2	0.002632	0.004472
利用	2	0.002632	0.004217
〜	2	0.002632	0.004217
Shinano	1	0.001316	0.003948
Matsukawa	1	0.001316	0.003948
7025	1	0.001316	0.003948
マツ	1	0.001316	0.003948
613	1	0.001316	0.003948
無人	1	0.001316	0.003948
券売	1	0.001316	0.003948
踏切	1	0.001316	0.003948
タクシー	1	0.001316	0.003948
待ち合い	1	0.001316	0.003948
村立	1	0.001316	0.003948
147	1	0.001316	0.003948
ちひろ	1	0.001316	0.003948
保育園	1	0.001316	0.003948
北方	1	0.001316	0.003948
島内	1	0.001316	0.003948
高松	1	0.001316	0.003948
梓橋	1	0.001316	0.003948
萱	1	0.001316	0.003948
南豊科	1	0.001316	0.003948
柏矢町	1	0.001316	0.003948
安曇追分	1	0.001316	0.003948
信濃常盤	1	0.001316	0.003948
南大町	1	0.001316	0.003948
北大町	1	0.001316	0.003948
信濃木崎	1	0.001316	0.003948
稲尾	1	0.001316	0.003948
海ノ口	1	0.001316	0.003948
簗場	1	0.001316	0.003948
臨	1	0.001316	0.003948
ヤナバスキー	1	0.001316	0.003948
南神城	1	0.001316	0.003948
神城	1	0.001316	0.003948
飯森	1	0.001316	0.003948
信濃森上	1	0.001316	0.003948
白馬大池	1	0.001316	0.003948
に	3	0.003947	0.003947
表示	3	0.003947	0.003947
て	3	0.003947	0.003947
で	3	0.003947	0.003947
より	3	0.003947	0.003947
日本	3	0.003947	0.003947
か	2	0.002632	0.003888
歴史	2	0.002632	0.003888
時間	2	0.002632	0.003888
化	2	0.002632	0.003888
D	2	0.002632	0.003888
標高	1	0.001316	0.003552
エンタープライズ	1	0.001316	0.003552
構内	1	0.001316	0.003552
待合室	1	0.001316	0.003552
高瀬川	1	0.001316	0.003552
美術館	1	0.001316	0.003552
町営	1	0.001316	0.003552
表	2	0.002632	0.003424
外部	2	0.002632	0.003424
前	2	0.002632	0.003424
により	2	0.002632	0.003424
電報	1	0.001316	0.003314
略号	1	0.001316	0.003314
仕方	1	0.001316	0.003314
Template	1	0.001316	0.003314
夜間	1	0.001316	0.003314
休止	1	0.001316	0.003314
平均	1	0.001316	0.003314
役場	1	0.001316	0.003314
郵便	1	0.001316	0.003314
乗り入れ	1	0.001316	0.003314
1915	1	0.001316	0.003314
)(	1	0.001316	0.003156
程	1	0.001316	0.003156
起点	1	0.001316	0.003156
降車	1	0.001316	0.003156
備考	1	0.001316	0.003156
ごらん	1	0.001316	0.003156
自動	1	0.001316	0.003156
出入口	1	0.001316	0.003156
開通	1	0.001316	0.003156
旅客	1	0.001316	0.003156
分割	1	0.001316	0.003156
民営	1	0.001316	0.003156
有	1	0.001316	0.003028
連絡	1	0.001316	0.003028
のり	1	0.001316	0.003028
入口	1	0.001316	0.003028
福祉	1	0.001316	0.003028
57	1	0.001316	0.003028
市場	1	0.001316	0.003028
キロ	1	0.001316	0.002901
統計	1	0.001316	0.002901
途中	1	0.001316	0.002901
帯	1	0.001316	0.002901
案内	1	0.001316	0.002901
総合	1	0.001316	0.002901
丁目	1	0.001316	0.002901
62	1	0.001316	0.002901
千	1	0.001316	0.002901
客	1	0.001316	0.002824
え	1	0.001316	0.002824
科	1	0.001316	0.002824
当	1	0.001316	0.002824
1987	1	0.001316	0.002824
観光	1	0.001316	0.002736
国道	1	0.001316	0.002736
正	1	0.001316	0.002736
1982	1	0.001316	0.002736
テンプレート	1	0.001316	0.002686
機	1	0.001316	0.002686
病院	1	0.001316	0.002686
開業	1	0.001316	0.002686
8	2	0.002632	0.002632
人	2	0.002632	0.002632
/	2	0.002632	0.002632
この	2	0.002632	0.002632
し	2	0.002632	0.002632
5	2	0.002632	0.002632
関連	2	0.002632	0.002632
項目	2	0.002632	0.002632
リンク	2	0.002632	0.002632
あり	2	0.002632	0.002632
「	2	0.002632	0.002632
」	2	0.002632	0.002632
A	2	0.002632	0.002632
小学校	1	0.001316	0.002572
含ま	1	0.001316	0.002504
営業	1	0.001316	0.002504
南	1	0.001316	0.002504
大正	1	0.001316	0.002504
事業	1	0.001316	0.002428
m	1	0.001316	0.002428
用い	1	0.001316	0.002428
ください	1	0.001316	0.002428
持つ	1	0.001316	0.002428
五	1	0.001316	0.002428
廃止	1	0.001316	0.002428
BE	1	0.001316	0.002428
設置	1	0.001316	0.002340
31	1	0.001316	0.002340
26	1	0.001316	0.002236
所	1	0.001316	0.002236
局	1	0.001316	0.002236
その他	1	0.001316	0.002236
29	1	0.001316	0.002236
開始	1	0.001316	0.002236
85	1	0.001316	0.002236
情報	1	0.001316	0.002108
式	1	0.001316	0.002108
行う	1	0.001316	0.002108
一覧	1	0.001316	0.002108
隠す	1	0.001316	0.002108
場	1	0.001316	0.002108
について	1	0.001316	0.001944
き	1	0.001316	0.001944
ば	1	0.001316	0.001944
号	1	0.001316	0.001944
間	1	0.001316	0.001944
国	1	0.001316	0.001944
0	1	0.001316	0.001712
ず	1	0.001316	0.001712
：	1	0.001316	0.001712
ます	1	0.001316	0.001712
20	1	0.001316	0.001712
12	1	0.001316	0.001712
一	1	0.001316	0.001712
中	1	0.001316	0.001712
出典	1	0.001316	0.001316
フリー	1	0.001316	0.001316
百科	1	0.001316	0.001316
事典	1	0.001316	0.001316
『	1	0.001316	0.001316
ウィキペディア	1	0.001316	0.001316
Wikipedia	1	0.001316	0.001316
』	1	0.001316	0.001316
移動	1	0.001316	0.001316
ナビゲーション	1	0.001316	0.001316
,	1	0.001316	0.001316
検索	1	0.001316	0.001316
(	1	0.001316	0.001316
)	1	0.001316	0.001316
者	1	0.001316	0.001316
から	1	0.001316	0.001316
い	1	0.001316	0.001316
目次	1	0.001316	0.001316
非	1	0.001316	0.001316
3	1	0.001316	0.001316
ない	1	0.001316	0.001316
いる	1	0.001316	0.001316
として	1	0.001316	0.001316
http	1	0.001316	0.001316
://	1	0.001316	0.001316
ja	1	0.001316	0.001316
wikipedia	1	0.001316	0.001316
org	1	0.001316	0.001316
wiki	1	0.001316	0.001316
/%	1	0.001316	0.001316
83	1	0.001316	0.001316
B	1	0.001316	0.001316
作成	1	0.001316	0.001316
カテゴリ	1	0.001316	0.001316
