タルファラ	19	0.025099	0.075297
、	45	0.059445	0.059445
）	30	0.039630	0.039630
（	29	0.038309	0.038309
%	26	0.034346	0.034346
は	21	0.027741	0.027741
の	21	0.027741	0.027741
スウェーデン	7	0.009247	0.027741
に	17	0.022457	0.022457
ステーション	6	0.007926	0.019962
。	15	0.019815	0.019815
で	13	0.017173	0.017173
谷	6	0.007926	0.017010
(	12	0.015852	0.015852
て	12	0.015852	0.015852
ケブネカイセ	4	0.005284	0.015852
氷河	4	0.005284	0.015852
m	6	0.007926	0.014624
を	11	0.014531	0.014531
3	11	0.014531	0.014531
E	9	0.011889	0.011889
STF	3	0.003963	0.011889
山小屋	3	0.003963	0.011889
glacier	3	0.003963	0.011889
語	4	0.005284	0.010568
研究	4	0.005284	0.009749
いる	7	0.009247	0.009247
)	7	0.009247	0.009247
.	7	0.009247	0.009247
83	7	0.009247	0.009247
ある	6	0.007926	0.007926
/	6	0.007926	0.007926
the	3	0.003963	0.007926
経	3	0.003963	0.007926
タルファラダーレン	2	0.002642	0.007926
サーメ	2	0.002642	0.007926
Svenska	2	0.002642	0.007926
Turistforeningen	2	0.002642	0.007926
Tarfala	2	0.002642	0.007926
ストールグラシエーレン	2	0.002642	0.007926
Storglaciaren	2	0.002642	0.007926
地形	2	0.002642	0.007926
トレッキング	2	0.002642	0.007926
トレイル	2	0.002642	0.007926
存在	4	0.005284	0.007805
),	2	0.002642	0.007131
旅行	2	0.002642	0.006654
囲ま	2	0.002642	0.006654
従って	2	0.002642	0.006654
から	5	0.006605	0.006605
1	5	0.006605	0.006605
れ	5	0.006605	0.006605
表記	2	0.002642	0.006335
東側	2	0.002642	0.006335
西側	2	0.002642	0.006079
山	2	0.002642	0.005493
最大	2	0.002642	0.005493
・	4	0.005284	0.005284
し	4	0.005284	0.005284
が	4	0.005284	0.005284
する	4	0.005284	0.005284
協会	2	0.002642	0.005284
高い	2	0.002642	0.005163
ところ	2	0.002642	0.005163
記録	2	0.002642	0.005028
位置	2	0.002642	0.004875
そして	2	0.002642	0.004875
学	2	0.002642	0.004698
及び	2	0.002642	0.004489
:	3	0.003963	0.003963
,	3	0.003963	0.003963
この	3	0.003963	0.003963
な	3	0.003963	0.003963
[	3	0.003963	0.003963
]	3	0.003963	0.003963
-	3	0.003963	0.003963
Tarfaladalen	1	0.001321	0.003963
Tarfalavagge	1	0.001321	0.003963
nordsamiska	1	0.001321	0.003963
Darfalvaggi	1	0.001321	0.003963
最高峰	1	0.001321	0.003963
Kebnekaise	1	0.001321	0.003963
南東	1	0.001321	0.003963
stuga	1	0.001321	0.003963
下っ	1	0.001321	0.003963
Forskningsstation	1	0.001321	0.003963
斜面	1	0.001321	0.003963
収支	1	0.001321	0.003963
プロセス	1	0.001321	0.003963
Stockholms	1	0.001321	0.003963
Universitet	1	0.001321	0.003963
INK	1	0.001321	0.003963
ストックホルム	1	0.001321	0.003963
大体	1	0.001321	0.003963
1000	1	0.001321	0.003963
o	1	0.001321	0.003963
.）、	1	0.001321	0.003963
岩石	1	0.001321	0.003963
苔	1	0.001321	0.003963
Kaskaspakte	1	0.001321	0.003963
カスカスパクテ	1	0.001321	0.003963
2043	1	0.001321	0.003963
Kaskastjakka	1	0.001321	0.003963
カスカスショッカ	1	0.001321	0.003963
2076	1	0.001321	0.003963
Tarfalatjakka	1	0.001321	0.003963
タルファラショッカ	1	0.001321	0.003963
Tarfalapakte	1	0.001321	0.003963
タルファラパクテ	1	0.001321	0.003963
1806	1	0.001321	0.003963
局所	1	0.001321	0.003963
おろし	1	0.001321	0.003963
もたらす	1	0.001321	0.003963
瞬間	1	0.001321	0.003963
風速	1	0.001321	0.003963
large	1	0.001321	0.003963
Isfallsglaciaren	1	0.001321	0.003963
イースファルグラシエーレン	1	0.001321	0.003963
ice	1	0.001321	0.003963
fall	1	0.001321	0.003963
Kebnepakteglaciaren	1	0.001321	0.003963
ケブネパクテグラシエーレン	1	0.001321	0.003963
Kebnepakte	1	0.001321	0.003963
glaciarvandring	1	0.001321	0.003963
アルペン	1	0.001321	0.003963
alpin	1	0.001321	0.003963
klattring	1	0.001321	0.003963
Ladtjovagge	1	0.001321	0.003963
ラッチョヴァッゲ	1	0.001321	0.003963
ラッチョ	1	0.001321	0.003963
辿っ	1	0.001321	0.003963
Tarfalajaure	1	0.001321	0.003963
タルファラヤウレ	1	0.001321	0.003963
Kaskasvagge	1	0.001321	0.003963
カスカスヴァッゲ	1	0.001321	0.003963
Vistas	1	0.001321	0.003963
ヴィスタス	1	0.001321	0.003963
Pyramiden	1	0.001321	0.003963
ピラミーデン	1	0.001321	0.003963
Unna	1	0.001321	0.003963
Raitavagge	1	0.001321	0.003963
ウンナ	1	0.001321	0.003963
レイタヴァッゲ	1	0.001321	0.003963
Kuopertjakka	1	0.001321	0.003963
クオペルショッカ	1	0.001321	0.003963
Singi	1	0.001321	0.003963
シンギ	1	0.001321	0.003963
Salka	1	0.001321	0.003963
ルカ	1	0.001321	0.003963
続行	1	0.001321	0.003963
遭難	1	0.001321	0.003963
届け出	1	0.001321	0.003963
口頭	1	0.001321	0.003963
すすめる	1	0.001321	0.003963
forskningsstation	1	0.001321	0.003963
Kabnekaise	1	0.001321	0.003963
Forum	1	0.001321	0.003963
フォーラム	1	0.001321	0.003963
ソース	1	0.001321	0.003963
smhi	1	0.001321	0.003963
se	1	0.001321	0.003963
sgn	1	0.001321	0.003963
0102	1	0.001321	0.003963
0205	1	0.001321	0.003963
luft	1	0.001321	0.003963
rekord	1	0.001321	0.003963
htm	1	0.001321	0.003963
SMHI	1	0.001321	0.003963
ラップランド	1	0.001321	0.003963
容積	1	0.001321	0.003565
融解	1	0.001321	0.003565
測量	1	0.001321	0.003565
定量	1	0.001321	0.003565
地質	1	0.001321	0.003565
高度	1	0.001321	0.003565
覆	1	0.001321	0.003565
高山	1	0.001321	0.003565
覆わ	1	0.001321	0.003565
下流	1	0.001321	0.003565
登山	1	0.001321	0.003565
愛好	1	0.001321	0.003565
共用	1	0.001321	0.003565
おく	1	0.001321	0.003565
n	1	0.001321	0.003565
もの	2	0.002642	0.003437
　	2	0.002642	0.003437
例えば	1	0.001321	0.003327
フィールドワーク	1	0.001321	0.003327
尚	1	0.001321	0.003327
1911	1	0.001321	0.003327
開い	1	0.001321	0.003327
独特	1	0.001321	0.003327
通じ	1	0.001321	0.003327
北側	1	0.001321	0.003327
セ	1	0.001321	0.003327
オフィシャル	1	0.001321	0.003327
危険	1	0.001321	0.003327
回避	1	0.001321	0.003327
正式	1	0.001321	0.003327
www	1	0.001321	0.003327
渓谷	1	0.001321	0.003168
元々	1	0.001321	0.003168
拠点	1	0.001321	0.003168
質	1	0.001321	0.003168
現象	1	0.001321	0.003168
十分	1	0.001321	0.003168
_	1	0.001321	0.003168
学科	1	0.001321	0.003040
h	1	0.001321	0.003040
周囲	1	0.001321	0.003040
)、	1	0.001321	0.003040
強い	1	0.001321	0.003040
冬	1	0.001321	0.003040
湖	1	0.001321	0.003040
もしくは	1	0.001321	0.003040
地理	1	0.001321	0.002912
付属	1	0.001321	0.002912
人気	1	0.001321	0.002912
07	1	0.001321	0.002912
一番	1	0.001321	0.002835
方向	1	0.001321	0.002835
過去	1	0.001321	0.002835
至る	1	0.001321	0.002835
＝	1	0.001321	0.002697
にかけて	1	0.001321	0.002697
量	1	0.001321	0.002697
アクセス	1	0.001321	0.002697
た	2	0.002642	0.002642
さ	2	0.002642	0.002642
へ	2	0.002642	0.002642
編集	2	0.002642	0.002642
http	2	0.002642	0.002642
://	2	0.002642	0.002642
82	2	0.002642	0.002642
A	2	0.002642	0.002642
|	2	0.002642	0.002642
風	1	0.001321	0.002642
調査	1	0.001321	0.002642
自然	1	0.001321	0.002642
類	1	0.001321	0.002642
s	1	0.001321	0.002642
東	1	0.001321	0.002582
科学	1	0.001321	0.002582
はじめ	1	0.001321	0.002582
これら	1	0.001321	0.002582
管理	1	0.001321	0.002582
BF	1	0.001321	0.002582
南	1	0.001321	0.002514
1992	1	0.001321	0.002514
方面	1	0.001321	0.002514
北	1	0.001321	0.002437
大学	1	0.001321	0.002437
側	1	0.001321	0.002437
夏	1	0.001321	0.002437
km	1	0.001321	0.002349
機関	1	0.001321	0.002349
約	1	0.001321	0.002244
その他	1	0.001321	0.002244
高	1	0.001321	0.002244
2006	1	0.001321	0.002244
AB	1	0.001321	0.002244
95	1	0.001321	0.002244
AC	1	0.001321	0.002244
呼ば	1	0.001321	0.002116
に関する	1	0.001321	0.002116
81	1	0.001321	0.002116
他	1	0.001321	0.002116
場	1	0.001321	0.002116
80	1	0.001321	0.002116
BC	1	0.001321	0.002116
き	1	0.001321	0.001951
地	1	0.001321	0.001951
性	1	0.001321	0.001951
三	1	0.001321	0.001951
家	1	0.001321	0.001951
できる	1	0.001321	0.001951
場合	1	0.001321	0.001951
等	1	0.001321	0.001951
なく	1	0.001321	0.001951
.^	1	0.001321	0.001951
14	1	0.001321	0.001951
12	1	0.001321	0.001719
20	1	0.001321	0.001719
まで	1	0.001321	0.001719
外部	1	0.001321	0.001719
出典	1	0.001321	0.001321
フリー	1	0.001321	0.001321
百科	1	0.001321	0.001321
事典	1	0.001321	0.001321
『	1	0.001321	0.001321
ウィキペディア	1	0.001321	0.001321
Wikipedia	1	0.001321	0.001321
』	1	0.001321	0.001321
移動	1	0.001321	0.001321
ナビゲーション	1	0.001321	0.001321
検索	1	0.001321	0.001321
あり	1	0.001321	0.001321
と	1	0.001321	0.001321
れる	1	0.001321	0.001321
また	1	0.001321	0.001321
的	1	0.001321	0.001321
なっ	1	0.001321	0.001321
年	1	0.001321	0.001321
月	1	0.001321	0.001321
日	1	0.001321	0.001321
や	1	0.001321	0.001321
として	1	0.001321	0.001321
2	1	0.001321	0.001321
ない	1	0.001321	0.001321
ため	1	0.001321	0.001321
人	1	0.001321	0.001321
こと	1	0.001321	0.001321
リンク	1	0.001321	0.001321
「	1	0.001321	0.001321
ja	1	0.001321	0.001321
wikipedia	1	0.001321	0.001321
org	1	0.001321	0.001321
wiki	1	0.001321	0.001321
/%	1	0.001321	0.001321
9	1	0.001321	0.001321
B	1	0.001321	0.001321
」	1	0.001321	0.001321
より	1	0.001321	0.001321
作成	1	0.001321	0.001321
カテゴリ	1	0.001321	0.001321
