の	174	0.048671	0.048671
競争	52	0.014545	0.043635
不正	51	0.014266	0.042798
、	137	0.038322	0.038322
を	112	0.031329	0.031329
行為	44	0.012308	0.029514
商品	46	0.012867	0.027614
に	76	0.021259	0.021259
防止	29	0.008112	0.018666
法	36	0.010070	0.017906
改正	27	0.007552	0.016646
が	59	0.016503	0.016503
・	51	0.014266	0.014266
。	48	0.013427	0.013427
（	46	0.012867	0.012867
）	46	0.012867	0.012867
する	46	0.012867	0.012867
し	45	0.012587	0.012587
て	45	0.012587	0.012587
等	30	0.008392	0.012396
た	40	0.011189	0.011189
と	39	0.010909	0.010909
経済	16	0.004476	0.010733
は	37	0.010350	0.010350
要件	12	0.003357	0.010071
「	36	0.010070	0.010070
」	36	0.010070	0.010070
営業	18	0.005035	0.009582
知的	11	0.003077	0.009231
商標	11	0.003077	0.009231
形態	16	0.004476	0.009137
他人	12	0.003357	0.009060
平成	17	0.004755	0.008773
さ	31	0.008671	0.008671
財産	11	0.003077	0.008305
こと	29	0.008112	0.008112
類似	12	0.003357	0.008050
保護	14	0.003916	0.007653
第	21	0.005874	0.007642
な	27	0.007552	0.007552
[	27	0.007552	0.007552
れ	27	0.007552	0.007552
侵害	9	0.002517	0.007551
模倣	9	0.002517	0.007551
権利	9	0.002517	0.007551
秘密	10	0.002797	0.007549
産業	12	0.003357	0.007399
省	12	0.003357	0.007205
法律	12	0.003357	0.006980
で	24	0.006713	0.006713
表示	24	0.006713	0.006713
号	16	0.004476	0.006612
年	22	0.006154	0.006154
]	21	0.005874	0.005874
編集	20	0.005594	0.005594
%	20	0.005594	0.005594
たり	10	0.002797	0.005466
使用	15	0.004196	0.005459
その	19	0.005315	0.005315
請求	7	0.001958	0.005285
提供	9	0.002517	0.005233
権	10	0.002797	0.005161
公正	6	0.001678	0.005034
損害	6	0.001678	0.005034
役務	6	0.001678	0.005034
における	10	0.002797	0.004973
性	12	0.003357	0.004959
法令	7	0.001958	0.004931
など	17	0.004755	0.004755
訴訟	7	0.001958	0.004695
販売	8	0.002238	0.004653
について	11	0.003077	0.004545
.^	11	0.003077	0.004545
刑事	6	0.001678	0.004529
コピー	6	0.001678	0.004529
禁止	7	0.001958	0.004505
れる	16	0.004476	0.004476
3	16	0.004476	0.004476
技術	8	0.002238	0.004259
競	5	0.001399	0.004197
係る	5	0.001399	0.004197
類型	5	0.001399	0.004197
ドメイン	5	0.001399	0.004197
5	15	0.004196	0.004196
.	15	0.004196	0.004196
目的	8	0.002238	0.004129
製造	6	0.001678	0.004024
よう	11	0.003077	0.004003
年度	8	0.002238	0.003980
や	14	0.003916	0.003916
的	14	0.003916	0.003916
条	6	0.001678	0.003861
市場	6	0.001678	0.003861
規定	5	0.001399	0.003776
輸入	5	0.001399	0.003776
上	9	0.002517	0.003718
品	6	0.001678	0.003699
政策	6	0.001678	0.003601
一部	8	0.002238	0.003585
譲渡	5	0.001399	0.003523
同一	5	0.001399	0.003523
条文	4	0.001119	0.003357
賠償	4	0.001119	0.003357
民法	4	0.001119	0.003357
商号	4	0.001119	0.003357
利益	4	0.001119	0.003357
ある	12	0.003357	0.003357
において	8	0.002238	0.003306
管理	6	0.001678	0.003279
制限	5	0.001399	0.003219
][	5	0.001399	0.003219
い	11	0.003077	0.003077
2	11	0.003077	0.003077
いる	11	0.003077	0.003077
罰	4	0.001119	0.003020
混同	4	0.001119	0.003020
又は	4	0.001119	0.003020
取得	5	0.001399	0.003002
有する	5	0.001399	0.003002
外国	5	0.001399	0.003002
著名	5	0.001399	0.002856
または	6	0.001678	0.002851
不法	4	0.001119	0.002818
強化	4	0.001119	0.002818
者	10	0.002797	0.002797
4	10	0.002797	0.002797
]。	6	0.001678	0.002688
有し	4	0.001119	0.002683
手段	4	0.001119	0.002683
執筆	4	0.001119	0.002575
ます	7	0.001958	0.002547
この	9	0.002517	0.002517
ため	9	0.002517	0.002517
1	9	0.002517	0.002517
から	9	0.002517	0.002517
抗弁	3	0.000839	0.002517
虚偽	3	0.000839	0.002517
709	3	0.000839	0.002517
信用	3	0.000839	0.002517
期限	3	0.000839	0.002517
有用	3	0.000839	0.002517
デッド	3	0.000839	0.002517
周知	3	0.000839	0.002517
旨	3	0.000839	0.002517
場合	6	0.001678	0.002479
なし	4	0.001119	0.002402
不	4	0.001119	0.002284
名称	4	0.001119	0.002284
節	4	0.001119	0.002284
迂回	3	0.000839	0.002264
顧客	3	0.000839	0.002264
株式会社	3	0.000839	0.002264
行わ	5	0.001399	0.002241
ない	8	0.002238	0.002238
られ	6	0.001678	0.002183
もの	6	0.001678	0.002183
求め	6	0.001678	0.002183
11	6	0.001678	0.002183
事件	4	0.001119	0.002130
全部	3	0.000839	0.002113
装置	3	0.000839	0.002113
輸出	3	0.000839	0.002113
事例	3	0.000839	0.002113
名	5	0.001399	0.002066
加筆	5	0.001399	0.002066
訂正	5	0.001399	0.002066
下さる	5	0.001399	0.002066
確保	3	0.000839	0.002012
相手	3	0.000839	0.002012
業	3	0.000839	0.002012
に対する	4	0.001119	0.001990
日本	7	0.001958	0.001958
も	7	0.001958	0.001958
6	7	0.001958	0.001958
9	7	0.001958	0.001958
E	7	0.001958	0.001958
機能	3	0.000839	0.001931
制定	3	0.000839	0.001931
条約	3	0.000839	0.001931
及び	4	0.001119	0.001901
工業	3	0.000839	0.001849
なる	5	0.001399	0.001820
です	5	0.001399	0.001820
協力	5	0.001399	0.001820
に関する	4	0.001119	0.001793
情報	4	0.001119	0.001793
利用	4	0.001119	0.001793
例	3	0.000839	0.001744
会社	3	0.000839	0.001744
『	6	0.001678	0.001678
』	6	0.001678	0.001678
として	6	0.001678	0.001678
なっ	6	0.001678	0.001678
近年	3	0.000839	0.001678
的確	2	0.000559	0.001677
事由	2	0.000559	0.001677
真似	2	0.000559	0.001677
粗悪	2	0.000559	0.001677
公知	2	0.000559	0.001677
取引	2	0.000559	0.001677
弾力	2	0.000559	0.001677
景気	2	0.000559	0.001677
贈賄	2	0.000559	0.001677
引き渡し	2	0.000559	0.001677
惹起	2	0.000559	0.001677
カニ	2	0.000559	0.001677
看板	2	0.000559	0.001677
渡し	2	0.000559	0.001677
無効	2	0.000559	0.001677
紛らわしい	2	0.000559	0.001677
原産地	2	0.000559	0.001677
誤認	2	0.000559	0.001677
数量	2	0.000559	0.001677
みりん	2	0.000559	0.001677
誹謗	2	0.000559	0.001677
流布	2	0.000559	0.001677
代理人	2	0.000559	0.001677
満たさ	2	0.000559	0.001677
iMac	2	0.000559	0.001677
アップルコンピュータ	2	0.000559	0.001677
13	4	0.001119	0.001653
15	4	0.001119	0.001653
14	4	0.001119	0.001653
化	4	0.001119	0.001653
大正	3	0.000839	0.001597
国際	3	0.000839	0.001548
以下	3	0.000839	0.001548
約束	2	0.000559	0.001509
健全	2	0.000559	0.001509
意義	2	0.000559	0.001509
判例	2	0.000559	0.001509
止	2	0.000559	0.001509
否認	2	0.000559	0.001509
たとえば	2	0.000559	0.001509
ノウハウ	2	0.000559	0.001509
ハ	2	0.000559	0.001509
ニ	2	0.000559	0.001509
製品	2	0.000559	0.001509
追加	2	0.000559	0.001509
定義	2	0.000559	0.001509
図ら	2	0.000559	0.001509
公務員	2	0.000559	0.001509
氏名	2	0.000559	0.001509
標	2	0.000559	0.001509
特定	2	0.000559	0.001509
同種	2	0.000559	0.001509
用途	2	0.000559	0.001509
法学	2	0.000559	0.001509
お	3	0.000839	0.001492
内容	3	0.000839	0.001492
中	4	0.001119	0.001456
17	3	0.000839	0.001425
総務	2	0.000559	0.001408
措置	2	0.000559	0.001408
経緯	2	0.000559	0.001408
適用	2	0.000559	0.001408
一定	2	0.000559	0.001408
乗り	2	0.000559	0.001408
ノ	2	0.000559	0.001408
違法	2	0.000559	0.001408
展示	2	0.000559	0.001408
ライバル	2	0.000559	0.001408
案	2	0.000559	0.001408
関連	5	0.001399	0.001399
日	5	0.001399	0.001399
8	5	0.001399	0.001399
必要	3	0.000839	0.001344
概要	3	0.000839	0.001344
会	3	0.000839	0.001344
差	2	0.000559	0.001340
無断	2	0.000559	0.001340
ただ	2	0.000559	0.001340
判決	2	0.000559	0.001340
対外	2	0.000559	0.001340
導入	2	0.000559	0.001340
通信	2	0.000559	0.001340
;	2	0.000559	0.001340
国民	2	0.000559	0.001286
しかしながら	2	0.000559	0.001286
業務	2	0.000559	0.001286
サービス	2	0.000559	0.001286
自己	2	0.000559	0.001286
主張	2	0.000559	0.001286
なく	3	0.000839	0.001239
国	3	0.000839	0.001239
47	2	0.000559	0.001232
データ	2	0.000559	0.001232
実施	2	0.000559	0.001232
規制	2	0.000559	0.001232
設定	2	0.000559	0.001232
システム	2	0.000559	0.001200
しまう	2	0.000559	0.001200
リスト	2	0.000559	0.001200
室	2	0.000559	0.001200
設け	2	0.000559	0.001162
認め	2	0.000559	0.001162
批判	2	0.000559	0.001162
集	2	0.000559	0.001162
章	2	0.000559	0.001141
事実	2	0.000559	0.001141
:	4	0.001119	0.001119
項目	4	0.001119	0.001119
また	4	0.001119	0.001119
7	4	0.001119	0.001119
あっ	4	0.001119	0.001119
B	4	0.001119	0.001119
含む	2	0.000559	0.001118
広く	2	0.000559	0.001118
店	2	0.000559	0.001118
製	2	0.000559	0.001118
発展	2	0.000559	0.001092
得	2	0.000559	0.001092
つつ	2	0.000559	0.001092
サイト	2	0.000559	0.001092
によって	3	0.000839	0.001092
おり	3	0.000839	0.001092
という	3	0.000839	0.001092
10	3	0.000839	0.001092
ください	2	0.000559	0.001031
以上	2	0.000559	0.001031
形	2	0.000559	0.001031
初期	2	0.000559	0.001031
特に	2	0.000559	0.000994
ご	2	0.000559	0.000994
旧	2	0.000559	0.000994
行っ	2	0.000559	0.000950
脚注	2	0.000559	0.000896
昭和	2	0.000559	0.000896
AD	2	0.000559	0.000896
効力	1	0.000280	0.000840
ふせ	1	0.000280	0.000840
ょうそうぼうしほう	1	0.000280	0.000840
所管	1	0.000280	0.000840
講じ	1	0.000280	0.000840
寄与	1	0.000280	0.000840
正常	1	0.000280	0.000840
貶める	1	0.000280	0.000840
スパイ	1	0.000280	0.000840
出回る	1	0.000280	0.000840
安心	1	0.000280	0.000840
望め	1	0.000280	0.000840
意匠	1	0.000280	0.000840
守り	1	0.000280	0.000840
きれ	1	0.000280	0.000840
実質	1	0.000280	0.000840
無体物	1	0.000280	0.000840
効能	1	0.000280	0.000840
解する	1	0.000280	0.000840
盗用	1	0.000280	0.000840
様態	1	0.000280	0.000840
酷似	1	0.000280	0.000840
著しく	1	0.000280	0.000840
顕著	1	0.000280	0.000840
コピー・プロテクション	1	0.000280	0.000840
きわめて	1	0.000280	0.000840
湯	1	0.000280	0.000840
オ	1	0.000280	0.000840
625	1	0.000280	0.000840
大審院	1	0.000280	0.000840
民事	1	0.000280	0.000840
湯屋	1	0.000280	0.000840
老	1	0.000280	0.000840
舗其	1	0.000280	0.000840
若	1	0.000280	0.000840
ヲ	1	0.000280	0.000840
賣	1	0.000280	0.000840
却	1	0.000280	0.000840
スルコトニ	1	0.000280	0.000840
依	1	0.000280	0.000840
リテ	1	0.000280	0.000840
ヘキ	1	0.000280	0.000840
條	1	0.000280	0.000840
權利	1	0.000280	0.000840
該當	1	0.000280	0.000840
スルモノトス	1	0.000280	0.000840
判示	1	0.000280	0.000840
恐慌	1	0.000280	0.000840
上海	1	0.000280	0.000840
事変	1	0.000280	0.000840
取り戻し	1	0.000280	0.000840
賃金	1	0.000280	0.000840
大量	1	0.000280	0.000840
偽造	1	0.000280	0.000840
通商	1	0.000280	0.000840
訴える	1	0.000280	0.000840
かわす	1	0.000280	0.000840
踏まえ	1	0.000280	0.000840
ヘーグ	1	0.000280	0.000840
批准	1	0.000280	0.000840
立国	1	0.000280	0.000840
目指す	1	0.000280	0.000840
拡充	1	0.000280	0.000840
犯	1	0.000280	0.000840
窃盗	1	0.000280	0.000840
科する	1	0.000280	0.000840
容器	1	0.000280	0.000840
包装	1	0.000280	0.000840
回線	1	0.000280	0.000840
需要	1	0.000280	0.000840
させる	1	0.000280	0.000840
道楽	1	0.000280	0.000840
札幌	1	0.000280	0.000840
ラーメン	1	0.000280	0.000840
図形	1	0.000280	0.000840
McDonald	1	0.000280	0.000840
マック	1	0.000280	0.000840
冒用	1	0.000280	0.000840
フリーライド	1	0.000280	0.000840
希釈	1	0.000280	0.000840
ダイリューション	1	0.000280	0.000840
ポリューション	1	0.000280	0.000840
VOGUE	1	0.000280	0.000840
ベルト	1	0.000280	0.000840
シャネル	1	0.000280	0.000840
効用	1	0.000280	0.000840
先行	1	0.000280	0.000840
マイナスイオンブラシ	1	0.000280	0.000840
秘匿	1	0.000280	0.000840
複写	1	0.000280	0.000840
転職	1	0.000280	0.000840
転売	1	0.000280	0.000840
納め	1	0.000280	0.000840
ソフト	1	0.000280	0.000840
プロテクト	1	0.000280	0.000840
保有	1	0.000280	0.000840
国産	1	0.000280	0.000840
洋服	1	0.000280	0.000840
生地	1	0.000280	0.000840
押捺	1	0.000280	0.000840
MADE	1	0.000280	0.000840
KOREA	1	0.000280	0.000840
外し	1	0.000280	0.000840
害する	1	0.000280	0.000840
特許	1	0.000280	0.000840
承諾	1	0.000280	0.000840
無し	1	0.000280	0.000840
若しくは	1	0.000280	0.000840
許諾	1	0.000280	0.000840
ボルトカッタ	1	0.000280	0.000840
不可欠	1	0.000280	0.000840
広い	1	0.000280	0.000840
成り立た	1	0.000280	0.000840
仮処分	1	0.000280	0.000840
ヨ	1	0.000280	0.000840
22125	1	0.000280	0.000840
地方裁判所	1	0.000280	0.000840
ソーテック	1	0.000280	0.000840
差止め	1	0.000280	0.000840
事案	1	0.000280	0.000840
本条	1	0.000280	0.000840
れれ	1	0.000280	0.000840
解さ	1	0.000280	0.000840
余談	1	0.000280	0.000840
審議	1	0.000280	0.000840
部会	1	0.000280	0.000840
見直し	1	0.000280	0.000840
弁護士	1	0.000280	0.000840
法制	1	0.000280	0.000840
リンク	3	0.000839	0.000839
月	3	0.000839	0.000839
非	3	0.000839	0.000839
主	2	0.000559	0.000826
間	2	0.000559	0.000826
歴史	2	0.000559	0.000826
16	2	0.000559	0.000826
それ	2	0.000559	0.000826
なかっ	2	0.000559	0.000826
関係	2	0.000559	0.000826
ば	2	0.000559	0.000826
風評	1	0.000280	0.000756
堂々	1	0.000280	0.000756
消費	1	0.000280	0.000756
定める	1	0.000280	0.000756
救済	1	0.000280	0.000756
九	1	0.000280	0.000756
謂	1	0.000280	0.000756
軍需	1	0.000280	0.000756
依然として	1	0.000280	0.000756
廉価	1	0.000280	0.000756
貿易	1	0.000280	0.000756
さらさ	1	0.000280	0.000756
戦前	1	0.000280	0.000756
掲げ	1	0.000280	0.000756
伴っ	1	0.000280	0.000756
国外	1	0.000280	0.000756
処罰	1	0.000280	0.000756
海賊版	1	0.000280	0.000756
動く	1	0.000280	0.000756
バッグ	1	0.000280	0.000756
以内	1	0.000280	0.000756
貸	1	0.000280	0.000756
マニュアル	1	0.000280	0.000756
公然	1	0.000280	0.000756
持ち出し	1	0.000280	0.000756
デジタル	1	0.000280	0.000756
コンテンツ	1	0.000280	0.000756
プログラム	1	0.000280	0.000756
チップ	1	0.000280	0.000756
書類	1	0.000280	0.000756
品質	1	0.000280	0.000756
マンチェスター	1	0.000280	0.000756
服	1	0.000280	0.000756
調味	1	0.000280	0.000756
告げ	1	0.000280	0.000756
代理	1	0.000280	0.000756
勝手	1	0.000280	0.000756
分の	1	0.000280	0.000756
棄却	1	0.000280	0.000756
パソコン	1	0.000280	0.000756
色彩	1	0.000280	0.000756
素材	1	0.000280	0.000756
申	1	0.000280	0.000756
指針	1	0.000280	0.000756
これ	2	0.000559	0.000727
外部	2	0.000559	0.000727
時代	2	0.000559	0.000727
遭遇	1	0.000280	0.000705
相談	1	0.000280	0.000705
免責	1	0.000280	0.000705
現行	1	0.000280	0.000705
したがって	1	0.000280	0.000705
流し	1	0.000280	0.000705
購入	1	0.000280	0.000705
出来	1	0.000280	0.000705
蔓延	1	0.000280	0.000705
ロゴ	1	0.000280	0.000705
モノ	1	0.000280	0.000705
広範	1	0.000280	0.000705
勃発	1	0.000280	0.000705
にあたり	1	0.000280	0.000705
額	1	0.000280	0.000705
推定	1	0.000280	0.000705
通じ	1	0.000280	0.000705
生じ	1	0.000280	0.000705
ど	1	0.000280	0.000705
貸し	1	0.000280	0.000705
売却	1	0.000280	0.000705
名簿	1	0.000280	0.000705
入手	1	0.000280	0.000705
加える	1	0.000280	0.000705
大手	1	0.000280	0.000705
IN	1	0.000280	0.000705
工具	1	0.000280	0.000705
占める	1	0.000280	0.000705
割合	1	0.000280	0.000705
裁判所	1	0.000280	0.000705
最新	1	0.000280	0.000671
反映	1	0.000280	0.000671
現実	1	0.000280	0.000671
番号	1	0.000280	0.000671
いき	1	0.000280	0.000671
期待	1	0.000280	0.000671
十分	1	0.000280	0.000671
マーク	1	0.000280	0.000671
認める	1	0.000280	0.000671
否定	1	0.000280	0.000671
外交	1	0.000280	0.000671
所有	1	0.000280	0.000671
要求	1	0.000280	0.000671
ひ	1	0.000280	0.000671
明記	1	0.000280	0.000671
罪	1	0.000280	0.000671
認識	1	0.000280	0.000671
汚染	1	0.000280	0.000671
大衆	1	0.000280	0.000671
ファッション	1	0.000280	0.000671
飲食	1	0.000280	0.000671
機器	1	0.000280	0.000671
信号	1	0.000280	0.000671
広告	1	0.000280	0.000671
質	1	0.000280	0.000671
料	1	0.000280	0.000671
当該	1	0.000280	0.000671
至っ	1	0.000280	0.000671
認定	1	0.000280	0.000671
求める	1	0.000280	0.000671
伴う	1	0.000280	0.000671
属する	1	0.000280	0.000671
読み	1	0.000280	0.000644
模様	1	0.000280	0.000644
なさ	1	0.000280	0.000644
こ	1	0.000280	0.000644
成立	1	0.000280	0.000644
低	1	0.000280	0.000644
強い	1	0.000280	0.000644
積極	1	0.000280	0.000644
パリ	1	0.000280	0.000644
整理	1	0.000280	0.000644
もしくは	1	0.000280	0.000644
電気	1	0.000280	0.000644
扱っ	1	0.000280	0.000644
内部	1	0.000280	0.000644
独立	1	0.000280	0.000644
何らかの	1	0.000280	0.000644
行い	1	0.000280	0.000644
メーカー	1	0.000280	0.000644
除く	1	0.000280	0.000644
非常	1	0.000280	0.000644
意見	1	0.000280	0.000644
略称	1	0.000280	0.000617
種類	1	0.000280	0.000617
もっ	1	0.000280	0.000617
範囲	1	0.000280	0.000617
特別	1	0.000280	0.000617
限定	1	0.000280	0.000617
再び	1	0.000280	0.000617
文字	1	0.000280	0.000617
北海道	1	0.000280	0.000617
使い	1	0.000280	0.000617
ゲーム	1	0.000280	0.000617
得る	1	0.000280	0.000617
開設	1	0.000280	0.000617
領域	1	0.000280	0.000617
連合	1	0.000280	0.000617
限り	1	0.000280	0.000601
解説	1	0.000280	0.000601
運用	1	0.000280	0.000601
之	1	0.000280	0.000601
七	1	0.000280	0.000601
1927	1	0.000280	0.000601
1932	1	0.000280	0.000601
機会	1	0.000280	0.000601
言う	1	0.000280	0.000601
企業	1	0.000280	0.000601
なけれ	1	0.000280	0.000601
比較的	1	0.000280	0.000601
立て	1	0.000280	0.000601
比較	1	0.000280	0.000601
方向	1	0.000280	0.000601
分野	1	0.000280	0.000601
98	1	0.000280	0.000601
事項	1	0.000280	0.000582
デザイン	1	0.000280	0.000582
体制	1	0.000280	0.000582
百	1	0.000280	0.000582
1934	1	0.000280	0.000582
と共に	1	0.000280	0.000582
直接	1	0.000280	0.000582
さん	1	0.000280	0.000582
経営	1	0.000280	0.000582
通常	1	0.000280	0.000582
方法	1	0.000280	0.000582
中国	1	0.000280	0.000582
近く	1	0.000280	0.000582
重要	1	0.000280	0.000582
委員	1	0.000280	0.000582
紹介	1	0.000280	0.000582
記述	1	0.000280	0.000572
国内	1	0.000280	0.000572
といった	1	0.000280	0.000572
アクセス	1	0.000280	0.000572
小	1	0.000280	0.000572
代表	1	0.000280	0.000560
様々	1	0.000280	0.000560
s	1	0.000280	0.000560
雑誌	1	0.000280	0.000560
CD	1	0.000280	0.000560
風	1	0.000280	0.000560
構造	1	0.000280	0.000560
あり	2	0.000559	0.000559
より	2	0.000559	0.000559
人	2	0.000559	0.000559
/	2	0.000559	0.000559
A	2	0.000559	0.000559
|	2	0.000559	0.000559
通称	1	0.000280	0.000547
対象	1	0.000280	0.000547
同様	1	0.000280	0.000547
ほとんど	1	0.000280	0.000547
変更	1	0.000280	0.000547
政府	1	0.000280	0.000547
1993	1	0.000280	0.000547
専門	1	0.000280	0.000533
明治	1	0.000280	0.000533
最初	1	0.000280	0.000533
含ま	1	0.000280	0.000533
用	1	0.000280	0.000533
書	1	0.000280	0.000533
自身	1	0.000280	0.000517
基本	1	0.000280	0.000517
事業	1	0.000280	0.000517
に対して	1	0.000280	0.000517
大学	1	0.000280	0.000517
いう	1	0.000280	0.000517
'	1	0.000280	0.000517
向け	1	0.000280	0.000517
せる	1	0.000280	0.000517
高等	1	0.000280	0.000517
研究	1	0.000280	0.000517
ら	1	0.000280	0.000498
子	1	0.000280	0.000498
19	1	0.000280	0.000476
社会	1	0.000280	0.000476
でき	1	0.000280	0.000476
開始	1	0.000280	0.000476
28	1	0.000280	0.000476
所	1	0.000280	0.000476
2005	1	0.000280	0.000476
その他	1	0.000280	0.000476
ほか	1	0.000280	0.000476
知ら	1	0.000280	0.000476
可能	1	0.000280	0.000476
下	1	0.000280	0.000476
約	1	0.000280	0.000476
東京	1	0.000280	0.000476
PJ	1	0.000280	0.000476
AB	1	0.000280	0.000476
BA	1	0.000280	0.000476
95	1	0.000280	0.000476
同	1	0.000280	0.000449
呼ば	1	0.000280	0.000449
部	1	0.000280	0.000449
多く	1	0.000280	0.000449
2001	1	0.000280	0.000449
81	1	0.000280	0.000449
2003	1	0.000280	0.000449
行う	1	0.000280	0.000449
〜	1	0.000280	0.000449
本	1	0.000280	0.000449
際	1	0.000280	0.000449
多い	1	0.000280	0.000449
参考	1	0.000280	0.000449
P	1	0.000280	0.000449
89	1	0.000280	0.000449
家	1	0.000280	0.000414
できる	1	0.000280	0.000414
元	1	0.000280	0.000414
存在	1	0.000280	0.000414
三	1	0.000280	0.000414
数	1	0.000280	0.000414
および	1	0.000280	0.000414
2004	1	0.000280	0.000414
世界	1	0.000280	0.000414
書き	1	0.000280	0.000414
D	1	0.000280	0.000414
表	1	0.000280	0.000364
話	1	0.000280	0.000364
編	1	0.000280	0.000364
歴	1	0.000280	0.000364
られる	1	0.000280	0.000364
により	1	0.000280	0.000364
大	1	0.000280	0.000364
による	1	0.000280	0.000364
二	1	0.000280	0.000364
12	1	0.000280	0.000364
ず	1	0.000280	0.000364
なり	1	0.000280	0.000364
20	1	0.000280	0.000364
かけ	1	0.000280	0.000364
記事	1	0.000280	0.000364
出典	1	0.000280	0.000280
フリー	1	0.000280	0.000280
百科	1	0.000280	0.000280
事典	1	0.000280	0.000280
ウィキペディア	1	0.000280	0.000280
Wikipedia	1	0.000280	0.000280
移動	1	0.000280	0.000280
ナビゲーション	1	0.000280	0.000280
,	1	0.000280	0.000280
検索	1	0.000280	0.000280
目次	1	0.000280	0.000280
へ	1	0.000280	0.000280
後	1	0.000280	0.000280
http	1	0.000280	0.000280
://	1	0.000280	0.000280
ja	1	0.000280	0.000280
wikipedia	1	0.000280	0.000280
org	1	0.000280	0.000280
wiki	1	0.000280	0.000280
/%	1	0.000280	0.000280
作成	1	0.000280	0.000280
カテゴリ	1	0.000280	0.000280
