川中島	11	0.014398	0.038860
の	26	0.034031	0.034031
甲府	9	0.011780	0.031794
新潟	9	0.011780	0.031794
リーグ	11	0.014398	0.031735
アルウィン	8	0.010471	0.031413
が	23	0.030105	0.030105
は	21	0.027487	0.027487
に	21	0.027487	0.027487
J	10	0.013089	0.027214
%	20	0.026178	0.026178
試合	9	0.011780	0.025281
、	19	0.024869	0.024869
で	17	0.022251	0.022251
松本	7	0.009162	0.021082
た	15	0.019634	0.019634
を	14	0.018325	0.018325
対戦	5	0.006545	0.017665
ダービー	4	0.005236	0.015708
。	12	0.015707	0.015707
年	12	0.015707	0.015707
スタジアム	4	0.005236	0.014132
長野	5	0.006545	0.013361
合戦	4	0.005236	0.013187
（	10	0.013089	0.013089
）	10	0.013089	0.013089
と	10	0.013089	0.013089
行なわ	4	0.005236	0.012556
側	5	0.006545	0.012076
参入	3	0.003927	0.011781
ホームタウン	3	0.003927	0.011781
て	9	0.011780	0.011780
する	8	0.010471	0.010471
し	8	0.010471	0.010471
雅	3	0.003927	0.009890
市	5	0.006545	0.009668
こと	7	0.009162	0.009162
E	7	0.009162	0.009162
開催	3	0.003927	0.008017
節	3	0.003927	0.008017
チーム	3	0.003927	0.007854
ヴァンフォーレ	2	0.002618	0.007854
アルビレックス	2	0.002618	0.007854
タービー	2	0.002618	0.007854
JFL	2	0.002618	0.007854
ディビジョン	2	0.002618	0.007854
3	6	0.007853	0.007853
ため	6	0.007853	0.007853
越後	2	0.002618	0.007066
戦績	2	0.002618	0.007066
今後	2	0.002618	0.007066
行なう	2	0.002618	0.007066
PR	2	0.002618	0.007066
甲斐	2	0.002618	0.006593
上杉	2	0.002618	0.006593
将来	2	0.002618	0.006593
れ	5	0.006545	0.006545
[	5	0.006545	0.006545
]	5	0.006545	0.006545
いる	5	0.006545	0.006545
ある	5	0.006545	0.006545
2003	3	0.003927	0.006291
武田	2	0.002618	0.006278
目指し	2	0.002618	0.006278
信濃	2	0.002618	0.006024
国	3	0.003927	0.005801
ー	2	0.002618	0.005770
意識	2	0.002618	0.005770
規格	2	0.002618	0.005619
山	2	0.002618	0.005443
困難	2	0.002618	0.005443
方	2	0.002618	0.005344
日本	4	0.005236	0.005236
4	4	0.005236	0.005236
編集	4	0.005236	0.005236
また	4	0.005236	0.005236
B	4	0.005236	0.005236
83	4	0.005236	0.005236
なる	3	0.003927	0.005109
平成	2	0.002618	0.004830
参加	2	0.002618	0.004830
地域	2	0.002618	0.004830
所属	2	0.002618	0.004655
2006	2	0.002618	0.004448
でき	2	0.002618	0.004448
概要	2	0.002618	0.004194
場	2	0.002618	0.004194
のみ	2	0.002618	0.004194
同	2	0.002618	0.004194
BC	2	0.002618	0.004194
:	3	0.003927	0.003927
,	3	0.003927	0.003927
・	3	0.003927	0.003927
1	3	0.003927	0.003927
2	3	0.003927	0.003927
から	3	0.003927	0.003927
あっ	3	0.003927	0.003927
な	3	0.003927	0.003927
「	3	0.003927	0.003927
」	3	0.003927	0.003927
も	3	0.003927	0.003927
/	3	0.003927	0.003927
月	3	0.003927	0.003927
日	3	0.003927	0.003927
8	3	0.003927	0.003927
人	3	0.003927	0.003927
ない	3	0.003927	0.003927
かじ	1	0.001309	0.003927
なぞらえ	1	0.001309	0.003927
プロサッカーリーグ	1	0.001309	0.003927
互い	1	0.001309	0.003927
ホームグラウンド	1	0.001309	0.003927
サポーター	1	0.001309	0.003927
広域	1	0.001309	0.003927
整っ	1	0.001309	0.003927
銘打っ	1	0.001309	0.003927
大々的	1	0.001309	0.003927
甲冑	1	0.001309	0.003927
武将	1	0.001309	0.003927
スコア	1	0.001309	0.003927
アウェイ	1	0.001309	0.003927
043	1	0.001309	0.003927
599	1	0.001309	0.003927
フットボール	1	0.001309	0.003927
松	1	0.001309	0.003927
本山	1	0.001309	0.003927
北信越	1	0.001309	0.003927
パルセイロ	1	0.001309	0.003927
なく	2	0.002618	0.003867
30	2	0.002618	0.003867
場合	2	0.002618	0.003867
わな	1	0.001309	0.003533
び	1	0.001309	0.003533
信玄	1	0.001309	0.003533
謙信	1	0.001309	0.003533
皆無	1	0.001309	0.003533
球技	1	0.001309	0.003533
分かれ	1	0.001309	0.003533
東北電力	1	0.001309	0.003533
定める	1	0.001309	0.003533
同市	1	0.001309	0.003533
マッチ	1	0.001309	0.003533
よう	2	0.002618	0.003406
：	2	0.002618	0.003406
第	2	0.002618	0.003406
おり	2	0.002618	0.003406
違う	1	0.001309	0.003297
観客	1	0.001309	0.003297
FC	1	0.001309	0.003297
会員	1	0.001309	0.003297
申請	1	0.001309	0.003297
ライバル	1	0.001309	0.003297
対決	1	0.001309	0.003297
別名	1	0.001309	0.003139
指す	1	0.001309	0.003139
中島	1	0.001309	0.003139
着	1	0.001309	0.003139
戦う	1	0.001309	0.003139
競技	1	0.001309	0.003139
まだ	1	0.001309	0.003012
戦い	1	0.001309	0.003012
川	1	0.001309	0.003012
会場	1	0.001309	0.003012
行なっ	1	0.001309	0.003012
準	1	0.001309	0.003012
事情	1	0.001309	0.003012
サッカー	1	0.001309	0.003012
戦国	1	0.001309	0.002885
実施	1	0.001309	0.002885
しよ	1	0.001309	0.002885
平	1	0.001309	0.002885
総合	1	0.001309	0.002885
イベント	1	0.001309	0.002885
主催	1	0.001309	0.002885
公園	1	0.001309	0.002809
掲載	1	0.001309	0.002809
ホーム	1	0.001309	0.002809
特殊	1	0.001309	0.002809
限り	1	0.001309	0.002809
獲得	1	0.001309	0.002722
ほぼ	1	0.001309	0.002672
環境	1	0.001309	0.002672
関連	2	0.002618	0.002618
項目	2	0.002618	0.002618
さ	2	0.002618	0.002618
この	2	0.002618	0.002618
れる	2	0.002618	0.002618
など	2	0.002618	0.002618
-	2	0.002618	0.002618
7	2	0.002618	0.002618
へ	2	0.002618	0.002618
.	2	0.002618	0.002618
5	2	0.002618	0.002618
|	2	0.002618	0.002618
様々	1	0.001309	0.002618
一つ	1	0.001309	0.002618
通称	1	0.001309	0.002558
使わ	1	0.001309	0.002558
同様	1	0.001309	0.002558
93	1	0.001309	0.002558
かつて	1	0.001309	0.002415
同じ	1	0.001309	0.002415
基本	1	0.001309	0.002415
発生	1	0.001309	0.002415
旧	1	0.001309	0.002328
1998	1	0.001309	0.002328
名前	1	0.001309	0.002328
現	1	0.001309	0.002328
ここ	1	0.001309	0.002328
問題	1	0.001309	0.002328
2005	1	0.001309	0.002224
社会	1	0.001309	0.002224
AC	1	0.001309	0.002224
う	1	0.001309	0.002097
2008	1	0.001309	0.002097
行う	1	0.001309	0.002097
AD	1	0.001309	0.002097
80	1	0.001309	0.002097
か	1	0.001309	0.001934
において	1	0.001309	0.001934
しかし	1	0.001309	0.001934
なお	1	0.001309	0.001934
2004	1	0.001309	0.001934
および	1	0.001309	0.001934
2007	1	0.001309	0.001934
なかっ	1	0.001309	0.001934
数	1	0.001309	0.001934
13	1	0.001309	0.001934
14	1	0.001309	0.001934
存在	1	0.001309	0.001934
D	1	0.001309	0.001934
時代	1	0.001309	0.001703
県	1	0.001309	0.001703
なり	1	0.001309	0.001703
という	1	0.001309	0.001703
前	1	0.001309	0.001703
一	1	0.001309	0.001703
0	1	0.001309	0.001703
出典	1	0.001309	0.001309
フリー	1	0.001309	0.001309
百科	1	0.001309	0.001309
事典	1	0.001309	0.001309
『	1	0.001309	0.001309
ウィキペディア	1	0.001309	0.001309
Wikipedia	1	0.001309	0.001309
』	1	0.001309	0.001309
移動	1	0.001309	0.001309
ナビゲーション	1	0.001309	0.001309
検索	1	0.001309	0.001309
目次	1	0.001309	0.001309
非	1	0.001309	0.001309
表示	1	0.001309	0.001309
なっ	1	0.001309	0.001309
的	1	0.001309	0.001309
その	1	0.001309	0.001309
として	1	0.001309	0.001309
http	1	0.001309	0.001309
://	1	0.001309	0.001309
ja	1	0.001309	0.001309
wikipedia	1	0.001309	0.001309
org	1	0.001309	0.001309
wiki	1	0.001309	0.001309
/%	1	0.001309	0.001309
9	1	0.001309	0.001309
6	1	0.001309	0.001309
より	1	0.001309	0.001309
作成	1	0.001309	0.001309
カテゴリ	1	0.001309	0.001309
