影	11	0.026316	0.078948
RED	7	0.016746	0.050238
SHADOW	7	0.016746	0.050238
赤	9	0.021531	0.049543
映画	8	0.019139	0.036423
裕之	4	0.009569	0.028707
横山	4	0.009569	0.028707
光輝	4	0.009569	0.028707
作品	7	0.016746	0.026828
東映	4	0.009569	0.025826
中野	4	0.009569	0.022946
アクション	3	0.007177	0.021531
原作	4	0.009569	0.021091
漫画	3	0.007177	0.015819
雅俊	2	0.004785	0.014355
政信	2	0.004785	0.014355
奥菜	2	0.004785	0.014355
竹中	2	0.004785	0.014355
直人	2	0.004785	0.014355
陣内	2	0.004785	0.014355
孝則	2	0.004785	0.014355
英夫	2	0.004785	0.014355
忍者	2	0.004785	0.014355
布袋	2	0.004785	0.014355
寅泰	2	0.004785	0.014355
プロデューサー	2	0.004785	0.014355
高岡	2	0.004785	0.014355
蒼	2	0.004785	0.014355
音楽	3	0.007177	0.013658
脚本	2	0.004785	0.012915
斉藤	2	0.004785	0.012915
ひろし	2	0.004785	0.012915
安藤	2	0.004785	0.012915
久美子	2	0.004785	0.012915
岸	2	0.004785	0.012915
利	2	0.004785	0.012915
至	2	0.004785	0.012915
米田	2	0.004785	0.012915
仮面	2	0.004785	0.012915
淳	2	0.004785	0.012051
麻生	2	0.004785	0.012051
朗	2	0.004785	0.012051
ストーリー	2	0.004785	0.012051
核心	2	0.004785	0.012051
裕	2	0.004785	0.012051
東郷	2	0.004785	0.012051
し	5	0.011962	0.011962
2001	3	0.007177	0.011498
木村	2	0.004785	0.011474
山本	2	0.004785	0.011474
キャスト	2	0.004785	0.011474
村上	2	0.004785	0.011010
スタッフ	2	0.004785	0.011010
効果	2	0.004785	0.011010
恵	2	0.004785	0.010547
特殊	2	0.004785	0.010269
武	2	0.004785	0.009949
物語	2	0.004785	0.009351
部分	2	0.004785	0.008508
概要	2	0.004785	0.007666
8	3	0.007177	0.007177
日本	3	0.007177	0.007177
ENTERTAINMENT	1	0.002392	0.007176
電通	1	0.002392	0.007176
allcinema	1	0.002392	0.007176
シャドー	1	0.002392	0.007176
廃する	1	0.002392	0.007176
大胆	1	0.002392	0.007176
施さ	1	0.002392	0.007176
加倉井	1	0.002392	0.007176
エースネクスト	1	0.002392	0.007176
雅夫	1	0.002392	0.007176
信也	1	0.002392	0.007176
芳賀	1	0.002392	0.007176
吉孝	1	0.002392	0.007176
キム	1	0.002392	0.007176
スンブム	1	0.002392	0.007176
正久	1	0.002392	0.007176
淳司	1	0.002392	0.007176
賢司	1	0.002392	0.007176
ヤン	1	0.002392	0.007176
兵頭	1	0.002392	0.007176
茂行	1	0.002392	0.007176
厨子	1	0.002392	0.007176
稔雄	1	0.002392	0.007176
遠谷	1	0.002392	0.007176
信幸	1	0.002392	0.007176
行雄	1	0.002392	0.007176
津島	1	0.002392	0.007176
欣哉	1	0.002392	0.007176
良	1	0.002392	0.007176
羽鳥	1	0.002392	0.007176
博幸	1	0.002392	0.007176
宇田川	1	0.002392	0.007176
幸夫	1	0.002392	0.007176
擬斗	1	0.002392	0.007176
菅原	1	0.002392	0.007176
鍛冶	1	0.002392	0.007176
太	1	0.002392	0.007176
スタント	1	0.002392	0.007176
ビジュアルエフェクト	1	0.002392	0.007176
マックレイラボラトリー	1	0.002392	0.007176
ガレージ	1	0.002392	0.007176
琴	1	0.002392	0.007176
竹之内	1	0.002392	0.007176
飛鳥	1	0.002392	0.007176
秀信	1	0.002392	0.007176
津川	1	0.002392	0.007176
雅彦	1	0.002392	0.007176
根来	1	0.002392	0.007176
弦斎	1	0.002392	0.007176
根津	1	0.002392	0.007176
甚八	1	0.002392	0.007176
藤井	1	0.002392	0.007176
フミヤ	1	0.002392	0.007176
力丸	1	0.002392	0.007176
舞の海	1	0.002392	0.007176
秀平	1	0.002392	0.007176
老師	1	0.002392	0.007176
おりん	1	0.002392	0.007176
長老	1	0.002392	0.007176
きたろ	1	0.002392	0.007176
凡野	1	0.002392	0.007176
兵衛	1	0.002392	0.007176
京極	1	0.002392	0.007176
兼光	1	0.002392	0.007176
上条	1	0.002392	0.007176
高虎	1	0.002392	0.007176
松重	1	0.002392	0.007176
野武士	1	0.002392	0.007176
越前屋俵太	1	0.002392	0.007176
不動	1	0.002392	0.007176
ピエール	1	0.002392	0.007176
金剛	1	0.002392	0.007176
スティーヴ・エトウ	1	0.002392	0.007176
風祭	1	0.002392	0.007176
龍之介	1	0.002392	0.007176
六角	1	0.002392	0.007176
直正	1	0.002392	0.007176
風間	1	0.002392	0.007176
杜夫	1	0.002392	0.007176
半月	1	0.002392	0.007176
吹越	1	0.002392	0.007176
桔平	1	0.002392	0.007176
オリ	1	0.002392	0.007176
アリーナ・カバエワ	1	0.002392	0.007176
笹井	1	0.002392	0.007176
一磨	1	0.002392	0.007176
福本	1	0.002392	0.007176
戦車	1	0.002392	0.007176
郎党	1	0.002392	0.007176
要	1	0.002392	0.007176
医者	1	0.002392	0.007176
矢沢	1	0.002392	0.007176
幸治	1	0.002392	0.007176
甫	1	0.002392	0.007176
剣	1	0.002392	0.007176
見張り	1	0.002392	0.007176
丞	1	0.002392	0.007176
リメイク	1	0.002392	0.007176
劇映画	1	0.002392	0.007176
人物	2	0.004785	0.007068
三	2	0.004785	0.007068
角川書店	1	0.002392	0.006456
TUBE	1	0.002392	0.006456
108	1	0.002392	0.006456
キネマ旬報	1	0.002392	0.006456
IMDb	1	0.002392	0.006456
ミサイル	1	0.002392	0.006456
WAR	1	0.002392	0.006456
DANCE	1	0.002392	0.006456
江川	1	0.002392	0.006456
赤井	1	0.002392	0.006456
菅野	1	0.002392	0.006456
シオン	1	0.002392	0.006456
秀樹	1	0.002392	0.006456
遠藤	1	0.002392	0.006456
大川	1	0.002392	0.006456
玄	1	0.002392	0.006456
内藤	1	0.002392	0.006456
立石	1	0.002392	0.006456
操	1	0.002392	0.006456
演	1	0.002392	0.006456
ジャパン	1	0.002392	0.006456
エンタープライズ	1	0.002392	0.006456
フィルム	1	0.002392	0.006456
篠原	1	0.002392	0.006456
神山	1	0.002392	0.006456
繁	1	0.002392	0.006456
頭領	1	0.002392	0.006456
瀧	1	0.002392	0.006456
満	1	0.002392	0.006456
善	1	0.002392	0.006456
椎名	1	0.002392	0.006456
日月	1	0.002392	0.006456
中田	1	0.002392	0.006456
大輔	1	0.002392	0.006456
八郎	1	0.002392	0.006456
佑	1	0.002392	0.006456
倉庫	1	0.002392	0.006456
雪	1	0.002392	0.006456
11	2	0.004785	0.006225
時代	2	0.004785	0.006225
求め	2	0.004785	0.006225
レッド	1	0.002392	0.006024
あか	1	0.002392	0.006024
トレードマーク	1	0.002392	0.006024
明かさ	1	0.002392	0.006024
主題歌	1	0.002392	0.006024
昭	1	0.002392	0.006024
内田	1	0.002392	0.006024
俊夫	1	0.002392	0.006024
白	1	0.002392	0.006024
基	1	0.002392	0.006024
啓	1	0.002392	0.006024
涼子	1	0.002392	0.006024
源	1	0.002392	0.006024
p	1	0.002392	0.005736
劇	1	0.002392	0.005736
月刊	1	0.002392	0.005736
姫	1	0.002392	0.005736
ガ	1	0.002392	0.005736
田中	1	0.002392	0.005736
照	1	0.002392	0.005736
h	1	0.002392	0.005504
ビデオ	1	0.002392	0.005504
乱	1	0.002392	0.005504
人気	1	0.002392	0.005272
終わり	1	0.002392	0.005272
愛	1	0.002392	0.005272
佐藤	1	0.002392	0.005272
中山	1	0.002392	0.005272
美術	1	0.002392	0.005272
章	1	0.002392	0.005272
豊	1	0.002392	0.005272
清	1	0.002392	0.005272
言語	1	0.002392	0.005134
節	1	0.002392	0.005134
神	1	0.002392	0.005134
丸	1	0.002392	0.005134
谷	1	0.002392	0.005134
委員	1	0.002392	0.004973
日本語	1	0.002392	0.004973
テーマ	1	0.002392	0.004973
森	1	0.002392	0.004883
BD	1	0.002392	0.004883
月	2	0.004785	0.004785
1	2	0.004785	0.004785
4	2	0.004785	0.004785
さ	2	0.004785	0.004785
E	2	0.004785	0.004785
B	2	0.004785	0.004785
5	2	0.004785	0.004785
現代	1	0.002392	0.004784
男	1	0.002392	0.004784
英	1	0.002392	0.004784
50	1	0.002392	0.004675
m	1	0.002392	0.004413
北	1	0.002392	0.004413
持つ	1	0.002392	0.004413
PJ	1	0.002392	0.004064
P	1	0.002392	0.003832
書き	1	0.002392	0.003533
・	1	0.002392	0.003112
歴	1	0.002392	0.003112
一	1	0.002392	0.003112
二	1	0.002392	0.003112
出典	1	0.002392	0.002392
フリー	1	0.002392	0.002392
百科	1	0.002392	0.002392
事典	1	0.002392	0.002392
ウィキペディア	1	0.002392	0.002392
Wikipedia	1	0.002392	0.002392
ナビゲーション	1	0.002392	0.002392
目次	1	0.002392	0.002392
2	1	0.002392	0.002392
3	1	0.002392	0.002392
なっ	1	0.002392	0.002392
項目	1	0.002392	0.002392
http	1	0.002392	0.002392
ja	1	0.002392	0.002392
wikipedia	1	0.002392	0.002392
org	1	0.002392	0.002392
wiki	1	0.002392	0.002392
A	1	0.002392	0.002392
カテゴリ	1	0.002392	0.002392
