祭祀	4	0.018519	0.055557
さ	11	0.050926	0.050926
Unaussprechlichen	3	0.013889	0.041667
Kulten	3	0.013889	0.041667
クトゥルフ	3	0.013889	0.041667
版	3	0.013889	0.041667
草稿	3	0.013889	0.041667
し	6	0.027778	0.027778
無名	2	0.009259	0.027777
Nameless	2	0.009259	0.027777
Cults	2	0.009259	0.027777
神話	2	0.009259	0.027777
1840	2	0.009259	0.027777
記さ	2	0.009259	0.027777
フォン・ユンツト	2	0.009259	0.027777
本書	2	0.009259	0.027777
初版	2	0.009259	0.027777
発禁	2	0.009259	0.027777
喉	2	0.009259	0.024990
E	5	0.023148	0.023148
著者	2	0.009259	0.022203
ドイツ	2	0.009259	0.019251
する	4	0.018519	0.018519
作品	2	0.009259	0.014833
むめいさいししょ	1	0.004630	0.013890
架空	1	0.004630	0.013890
フリードリヒ・ウィルヘルム・フォン・ユンツト	1	0.004630	0.013890
Friedrich	1	0.004630	0.013890
von	1	0.004630	0.013890
Junzt	1	0.004630	0.013890
1795	1	0.004630	0.013890
無銘	1	0.004630	0.013890
Namenlose	1	0.004630	0.013890
Kulte	1	0.004630	0.013890
書く	1	0.004630	0.013890
本当	1	0.004630	0.013890
名付け親	1	0.004630	0.013890
オーガスト・ダーレス	1	0.004630	0.013890
ヨグ	1	0.004630	0.013890
ソトース	1	0.004630	0.013890
ツァトゥグァ	1	0.004630	0.013890
ガタノトーア	1	0.004630	0.013890
シュブ	1	0.004630	0.013890
ニグラス	1	0.004630	0.013890
イグ	1	0.004630	0.013890
恐る	1	0.004630	0.013890
三つ	1	0.004630	0.013890
1839	1	0.004630	0.013890
クォート	1	0.004630	0.013890
留め	1	0.004630	0.013890
革	1	0.004630	0.013890
部数	1	0.004630	0.013890
少なかっ	1	0.004630	0.013890
焚書	1	0.004630	0.013890
稀覯	1	0.004630	0.013890
ブライドウェル	1	0.004630	0.013890
グロテスク	1	0.004630	0.013890
木版	1	0.004630	0.013890
公的	1	0.004630	0.013890
私的	1	0.004630	0.013890
わかっ	1	0.004630	0.013890
ゴールデン・ゴブリン・プレス	1	0.004630	0.013890
誤植	1	0.004630	0.013890
閂	1	0.004630	0.013890
閉め	1	0.004630	0.013890
ひき	1	0.004630	0.013890
裂か	1	0.004630	0.013890
かぎ	1	0.004630	0.013890
アレクシス・ラドー	1	0.004630	0.013890
破ら	1	0.004630	0.013890
ラドー	1	0.004630	0.013890
カミソリ	1	0.004630	0.013890
かき	1	0.004630	0.013890
なっ	3	0.013889	0.013889
7	3	0.013889	0.013889
A	3	0.013889	0.013889
5	3	0.013889	0.013889
Wilhelm	1	0.004630	0.012496
回っ	1	0.004630	0.012496
秘密	1	0.004630	0.012496
忘れ	1	0.004630	0.012496
デュッセルドルフ	1	0.004630	0.012496
1845	1	0.004630	0.012496
海賊版	1	0.004630	0.012496
コレクション	1	0.004630	0.012496
廉価	1	0.004630	0.012496
爪	1	0.004630	0.012496
友人	1	0.004630	0.012496
独	1	0.004630	0.011661
言え	1	0.004630	0.011661
核心	1	0.004630	0.011661
明かさ	1	0.004630	0.011661
宗派	1	0.004630	0.011661
黒	1	0.004630	0.011661
書	1	0.004630	0.011661
つい	1	0.004630	0.011661
収め	1	0.004630	0.011661
1909	1	0.004630	0.011661
ニューヨーク	1	0.004630	0.011661
跡	1	0.004630	0.011661
死体	1	0.004630	0.011661
世界中	1	0.004630	0.011102
鉄	1	0.004630	0.011102
図書館	1	0.004630	0.011102
部屋	1	0.004630	0.011102
書籍	1	0.004630	0.010654
古代	1	0.004630	0.010654
なさ	1	0.004630	0.010654
不明	1	0.004630	0.010654
読み	1	0.004630	0.010654
さまざま	1	0.004630	0.010205
ロンドン	1	0.004630	0.010205
神	1	0.004630	0.009937
言語	1	0.004630	0.009937
ヨーロッパ	1	0.004630	0.009937
八	1	0.004630	0.009937
残っ	1	0.004630	0.009937
四	1	0.004630	0.009452
英	1	0.004630	0.009260
本	1	0.004630	0.009260
84	1	0.004630	0.009260
6	2	0.009259	0.009259
8	2	0.009259	0.009259
B	2	0.009259	0.009259
物語	1	0.004630	0.009048
多く	1	0.004630	0.009048
考え	1	0.004630	0.009048
部分	1	0.004630	0.008233
アメリカ	1	0.004630	0.007866
文献	1	0.004630	0.007866
呼ば	1	0.004630	0.007418
多い	1	0.004630	0.007418
90	1	0.004630	0.007418
AD	1	0.004630	0.007418
80	1	0.004630	0.007418
人物	1	0.004630	0.006839
三	1	0.004630	0.006839
D	1	0.004630	0.006839
二	1	0.004630	0.006024
20	1	0.004630	0.006024
あり	1	0.004630	0.006024
出典	1	0.004630	0.004630
フリー	1	0.004630	0.004630
百科	1	0.004630	0.004630
事典	1	0.004630	0.004630
ウィキペディア	1	0.004630	0.004630
Wikipedia	1	0.004630	0.004630
ナビゲーション	1	0.004630	0.004630
http	1	0.004630	0.004630
ja	1	0.004630	0.004630
wikipedia	1	0.004630	0.004630
org	1	0.004630	0.004630
wiki	1	0.004630	0.004630
1	1	0.004630	0.004630
9	1	0.004630	0.004630
カテゴリ	1	0.004630	0.004630
