アフガニスタン	40	0.017241	0.051723
の	102	0.043966	0.043966
朝	45	0.019397	0.041628
、	92	0.039655	0.039655
に	72	0.031034	0.031034
。	68	0.029310	0.029310
は	67	0.028879	0.028879
を	67	0.028879	0.028879
が	49	0.021121	0.021121
し	47	0.020259	0.020259
|	47	0.020259	0.020259
た	46	0.019828	0.019828
て	38	0.016379	0.016379
と	32	0.013793	0.013793
イラン	11	0.004741	0.012796
年	29	0.012500	0.012500
%	29	0.012500	0.012500
歴史	16	0.006897	0.010188
中央アジア	7	0.003017	0.009051
ティムール	7	0.003017	0.009051
ヘラート	7	0.003017	0.009051
インド	8	0.003448	0.008684
で	18	0.007759	0.007759
[	18	0.007759	0.007759
]	18	0.007759	0.007759
ブル	6	0.002586	0.007758
支配	7	0.003017	0.007598
（	17	0.007328	0.007328
）	17	0.007328	0.007328
この	17	0.007328	0.007328
する	16	0.006897	0.006897
1	16	0.006897	0.006897
い	16	0.006897	0.006897
から	16	0.006897	0.006897
編集	15	0.006466	0.006466
イスラーム	5	0.002155	0.006465
モンゴル	5	0.002155	0.006465
ドゥッラーニー	5	0.002155	0.006465
紀元前	5	0.002155	0.006465
世紀	7	0.003017	0.006034
独立	6	0.002586	0.005950
国家	6	0.002586	0.005950
れ	13	0.005603	0.005603
さ	13	0.005603	0.005603
地域	7	0.003017	0.005567
建国	5	0.002155	0.005427
勢力	5	0.002155	0.005427
ムガル	4	0.001724	0.005172
サファヴィー	4	0.001724	0.005172
バーラクザーイー	4	0.001724	0.005172
ターリバーン	4	0.001724	0.005172
アフガン	4	0.001724	0.005172
カー	4	0.001724	0.005172
征服	4	0.001724	0.005172
国	8	0.003448	0.005093
3	11	0.004741	0.004741
・	11	0.004741	0.004741
参照	6	0.002586	0.004598
時代	8	0.003448	0.004486
によって	8	0.003448	0.004486
詳細	5	0.002155	0.004399
イギリス	5	0.002155	0.004399
こと	10	0.004310	0.004310
「	10	0.004310	0.004310
E	10	0.004310	0.004310
まで	7	0.003017	0.003925
も	9	0.003879	0.003879
旧石器時代	3	0.001293	0.003879
大王	3	0.001293	0.003879
カンダハール	3	0.001293	0.003879
滅亡	3	0.001293	0.003879
領有	3	0.001293	0.003879
ガズニー	3	0.001293	0.003879
アラー・ウッディーン	3	0.001293	0.003879
ホラズム・シャー	3	0.001293	0.003879
ウズベク	3	0.001293	0.003879
ガージャール	3	0.001293	0.003879
ナーディル・シャー	3	0.001293	0.003879
政権	4	0.001724	0.003700
先史	3	0.001293	0.003490
分かっ	3	0.001293	0.003490
占領	3	0.001293	0.003490
紛争	3	0.001293	0.003490
2	8	0.003448	0.003448
人	8	0.003448	0.003448
者	8	0.003448	0.003448
トルコ	3	0.001293	0.003101
れる	7	0.003017	0.003017
」	7	0.003017	0.003017
古代	3	0.001293	0.002975
崩壊	3	0.001293	0.002975
死後	3	0.001293	0.002975
族	3	0.001293	0.002975
改革	3	0.001293	0.002975
執筆	3	0.001293	0.002975
清	3	0.001293	0.002850
アジア	3	0.001293	0.002850
ます	5	0.002155	0.002804
中国	3	0.001293	0.002688
各地	3	0.001293	0.002688
節	3	0.001293	0.002640
B	6	0.002586	0.002586
クシャーナ	2	0.000862	0.002586
進展	2	0.000862	0.002586
抗争	2	0.000862	0.002586
民主党	2	0.000862	0.002586
介入	2	0.000862	0.002586
内戦	2	0.000862	0.002586
樹立	2	0.000862	0.002586
千年紀	2	0.000862	0.002586
アケメネス	2	0.000862	0.002586
キュロス	2	0.000862	0.002586
インダス	2	0.000862	0.002586
パシュトゥ	2	0.000862	0.002586
バクトリア	2	0.000862	0.002586
アレクサンドロス	2	0.000862	0.002586
東征	2	0.000862	0.002586
セレウコス	2	0.000862	0.002586
バルフ	2	0.000862	0.002586
即位	2	0.000862	0.002586
チンギス・ハン	2	0.000862	0.002586
ムハンマド・ハーン・シャイバーニー	2	0.000862	0.002586
バー	2	0.000862	0.002586
朝貢	2	0.000862	0.002586
ドースト・ムハンマド・ハーン	2	0.000862	0.002586
部族	2	0.000862	0.002586
国王	2	0.000862	0.002586
称号	2	0.000862	0.002586
首長	2	0.000862	0.002586
急進	2	0.000862	0.002586
シャー	2	0.000862	0.002586
ウラマー	2	0.000862	0.002586
ザーヒル・シャー	2	0.000862	0.002586
マーティン・ユアンズ	2	0.000862	0.002586
金子	2	0.000862	0.002586
民雄	2	0.000862	0.002586
キプロス	2	0.000862	0.002586
化	4	0.001724	0.002547
加筆	4	0.001724	0.002547
訂正	4	0.001724	0.002547
下さる	4	0.001724	0.002547
戦争	3	0.001293	0.002527
さらに	3	0.001293	0.002386
産	2	0.000862	0.002327
ころ	2	0.000862	0.002327
終わる	2	0.000862	0.002327
王国	2	0.000862	0.002327
王朝	2	0.000862	0.002327
ゴール	2	0.000862	0.002327
イラク	2	0.000862	0.002327
回復	2	0.000862	0.002327
図っ	2	0.000862	0.002327
明石書店	2	0.000862	0.002327
です	4	0.001724	0.002243
協力	4	0.001724	0.002243
求め	4	0.001724	0.002243
　	4	0.001724	0.002243
新	3	0.001293	0.002197
文化	3	0.001293	0.002197
系	3	0.001293	0.002197
人民	2	0.000862	0.002171
強化	2	0.000862	0.002171
帝国	2	0.000862	0.002171
首都	2	0.000862	0.002171
防衛	2	0.000862	0.002171
:	5	0.002155	0.002155
へ	5	0.002155	0.002155
な	5	0.002155	0.002155
部	3	0.001293	0.002071
統治	2	0.000862	0.002067
東部	2	0.000862	0.002067
推進	2	0.000862	0.002067
変え	2	0.000862	0.002067
ソ連	2	0.000862	0.001983
軍事	2	0.000862	0.001983
川	2	0.000862	0.001983
条約	2	0.000862	0.001983
しかし	3	0.001293	0.001910
北部	2	0.000862	0.001900
連合	2	0.000862	0.001900
訳	2	0.000862	0.001900
項	2	0.000862	0.001900
得る	2	0.000862	0.001900
勝利	2	0.000862	0.001850
少ない	2	0.000862	0.001792
以前	2	0.000862	0.001792
都市	2	0.000862	0.001792
著	2	0.000862	0.001792
事実	2	0.000862	0.001760
1989	2	0.000862	0.001760
−	2	0.000862	0.001760
『	4	0.001724	0.001724
』	4	0.001724	0.001724
6	4	0.001724	0.001724
9	4	0.001724	0.001724
関連	4	0.001724	0.001724
項目	4	0.001724	0.001724
いる	4	0.001724	0.001724
あり	4	0.001724	0.001724
や	4	0.001724	0.001724
なっ	4	0.001724	0.001724
82	4	0.001724	0.001724
語	2	0.000862	0.001724
現代	2	0.000862	0.001724
政府	2	0.000862	0.001685
影響	2	0.000862	0.001685
10	3	0.001293	0.001682
一	3	0.001293	0.001682
前	3	0.001293	0.001682
により	3	0.001293	0.001682
これ	3	0.001293	0.001682
中	3	0.001293	0.001682
記録	2	0.000862	0.001640
)」	2	0.000862	0.001640
南	2	0.000862	0.001640
位置	2	0.000862	0.001590
国際	2	0.000862	0.001590
頃	2	0.000862	0.001533
面	2	0.000862	0.001533
文献	2	0.000862	0.001465
下	2	0.000862	0.001465
地方	2	0.000862	0.001465
軍	2	0.000862	0.001465
2002	2	0.000862	0.001465
その他	2	0.000862	0.001465
脚注	2	0.000862	0.001381
参考	2	0.000862	0.001381
行わ	2	0.000862	0.001381
次	2	0.000862	0.001381
2001	2	0.000862	0.001381
P	2	0.000862	0.001381
非	3	0.001293	0.001293
8	3	0.001293	0.001293
また	3	0.001293	0.001293
として	3	0.001293	0.001293
ため	3	0.001293	0.001293
的	3	0.001293	0.001293
(	3	0.001293	0.001293
/	3	0.001293	0.001293
83	3	0.001293	0.001293
バダフシャン	1	0.000431	0.001293
ラピス・ラピス	1	0.000431	0.001293
ラピス・ラズリ	1	0.000431	0.001293
エーゲ海	1	0.000431	0.001293
ミュケーナイ	1	0.000431	0.001293
竪穴	1	0.000431	0.001293
1336	1	0.000431	0.001293
ウルブルン	1	0.000431	0.001293
難破	1	0.000431	0.001293
知れ	1	0.000431	0.001293
錫	1	0.000431	0.001293
運ば	1	0.000431	0.001293
版図	1	0.000431	0.001293
拡げ	1	0.000431	0.001293
知る	1	0.000431	0.001293
ジャラーラーバード	1	0.000431	0.001293
ファラー	1	0.000431	0.001293
セブゼワール	1	0.000431	0.001293
にわたる	1	0.000431	0.001293
話さ	1	0.000431	0.001293
ダレイオス	1	0.000431	0.001293
アリア	1	0.000431	0.001293
ドランギアナ	1	0.000431	0.001293
シース	1	0.000431	0.001293
ターン	1	0.000431	0.001293
アフガン・トルキスタン	1	0.000431	0.001293
マルギアナ	1	0.000431	0.001293
メルプ	1	0.000431	0.001293
ホラズミア	1	0.000431	0.001293
ヒワ	1	0.000431	0.001293
ソグディアナ	1	0.000431	0.001293
トランスオキシアナ	1	0.000431	0.001293
アラコシア	1	0.000431	0.001293
ガズニ	1	0.000431	0.001293
ガンダーラ	1	0.000431	0.001293
ペシャワール	1	0.000431	0.001293
ヘレニズム	1	0.000431	0.001293
流入	1	0.000431	0.001293
次いで	1	0.000431	0.001293
領土	1	0.000431	0.001293
305	1	0.000431	0.001293
マウリヤ	1	0.000431	0.001293
チャンドラグプタ	1	0.000431	0.001293
ギリシア	1	0.000431	0.001293
ディオドトス	1	0.000431	0.001293
アラビア	1	0.000431	0.001293
興っ	1	0.000431	0.001293
ターヒル	1	0.000431	0.001293
土着	1	0.000431	0.001293
サッファール	1	0.000431	0.001293
サーマン	1	0.000431	0.001293
ブハーラ	1	0.000431	0.001293
サマルカンド	1	0.000431	0.001293
サーマーン	1	0.000431	0.001293
マムルーク	1	0.000431	0.001293
アルプティギーン	1	0.000431	0.001293
伸ばす	1	0.000431	0.001293
マフ	1	0.000431	0.001293
ムード	1	0.000431	0.001293
997	1	0.000431	0.001293
ガズナ	1	0.000431	0.001293
成長	1	0.000431	0.001293
1152	1	0.000431	0.001293
ジャハーンソズ	1	0.000431	0.001293
焼き払う	1	0.000431	0.001293
アラー・ウッディーン・ムハンマド	1	0.000431	0.001293
トルキスタン	1	0.000431	0.001293
アッバース	1	0.000431	0.001293
カリフ	1	0.000431	0.001293
1219	1	0.000431	0.001293
バグダッド	1	0.000431	0.001293
進軍	1	0.000431	0.001293
反撃	1	0.000431	0.001293
失地	1	0.000431	0.001293
ホラムズ・シャー	1	0.000431	0.001293
族長	1	0.000431	0.001293
たて	1	0.000431	0.001293
復興	1	0.000431	0.001293
的中	1	0.000431	0.001293
心地	1	0.000431	0.001293
繁栄	1	0.000431	0.001293
シャイバーニー	1	0.000431	0.001293
1507	1	0.000431	0.001293
フェルガナ	1	0.000431	0.001293
バーブル	1	0.000431	0.001293
シャー・イスマーイール	1	0.000431	0.001293
アグラ	1	0.000431	0.001293
築く	1	0.000431	0.001293
ムガール	1	0.000431	0.001293
1747	1	0.000431	0.001293
遊牧民	1	0.000431	0.001293
パシュトゥン	1	0.000431	0.001293
アフシャール	1	0.000431	0.001293
ジュンガル	1	0.000431	0.001293
制圧	1	0.000431	0.001293
皇帝	1	0.000431	0.001293
弱体	1	0.000431	0.001293
デリー	1	0.000431	0.001293
好戦	1	0.000431	0.001293
遊牧	1	0.000431	0.001293
親善	1	0.000431	0.001293
1842	1	0.000431	0.001293
王家	1	0.000431	0.001293
分家	1	0.000431	0.001293
本家	1	0.000431	0.001293
滅ぼす	1	0.000431	0.001293
1826	1	0.000431	0.001293
バーラグザイ	1	0.000431	0.001293
ムハメッド・アジム	1	0.000431	0.001293
ハン	1	0.000431	0.001293
アミール	1	0.000431	0.001293
至上	1	0.000431	0.001293
グレート	1	0.000431	0.001293
巻き込ま	1	0.000431	0.001293
ペシャーワル	1	0.000431	0.001293
結び	1	0.000431	0.001293
両国	1	0.000431	0.001293
1856	1	0.000431	0.001293
ナーセロッディーン・シャー	1	0.000431	0.001293
奪回	1	0.000431	0.001293
させ	1	0.000431	0.001293
挫	1	0.000431	0.001293
1878	1	0.000431	0.001293
退け	1	0.000431	0.001293
アマーヌッラー・ハーン	1	0.000431	0.001293
急激	1	0.000431	0.001293
招き	1	0.000431	0.001293
僭称	1	0.000431	0.001293
乱立	1	0.000431	0.001293
ムハンマド・ナーディル・シャー	1	0.000431	0.001293
妥協	1	0.000431	0.001293
パシュトゥーン	1	0.000431	0.001293
まねき	1	0.000431	0.001293
従兄弟	1	0.000431	0.001293
ムハンマド・ダーウード	1	0.000431	0.001293
クーデター	1	0.000431	0.001293
王政	1	0.000431	0.001293
-)」	1	0.000431	0.001293
柳沢	1	0.000431	0.001293
由香子	1	0.000431	0.001293
絵衣子	1	0.000431	0.001293
清美	1	0.000431	0.001293
ギブニー	1	0.000431	0.001293
ブリタニカ	1	0.000431	0.001293
ティービーエス・ブリタニカ	1	0.000431	0.001293
247	1	0.000431	0.001293
253	1	0.000431	0.001293
東アジア	1	0.000431	0.001293
大韓民国	1	0.000431	0.001293
カンボジア	1	0.000431	0.001293
東ティモール	1	0.000431	0.001293
ブルネイ	1	0.000431	0.001293
マレーシア	1	0.000431	0.001293
ミャンマー	1	0.000431	0.001293
ラオス	1	0.000431	0.001293
スリランカ	1	0.000431	0.001293
ネパール	1	0.000431	0.001293
パキスタン	1	0.000431	0.001293
バングラデシュ	1	0.000431	0.001293
ブータン	1	0.000431	0.001293
モルディブ	1	0.000431	0.001293
ウズベキスタン	1	0.000431	0.001293
カザフスタン	1	0.000431	0.001293
キルギス	1	0.000431	0.001293
タジキスタン	1	0.000431	0.001293
トルクメニスタン	1	0.000431	0.001293
アゼルバイジャン	1	0.000431	0.001293
アルメニア	1	0.000431	0.001293
イエメン	1	0.000431	0.001293
オマーン	1	0.000431	0.001293
カタール	1	0.000431	0.001293
クウェート	1	0.000431	0.001293
グルジア	1	0.000431	0.001293
サウジアラビア	1	0.000431	0.001293
シリア	1	0.000431	0.001293
バーレーン	1	0.000431	0.001293
ヨルダン	1	0.000431	0.001293
レバノン	1	0.000431	0.001293
アブハジア	1	0.000431	0.001293
ナゴルノ・カラバフ	1	0.000431	0.001293
オセチア	1	0.000431	0.001293
14	2	0.000862	0.001273
家	2	0.000862	0.001273
上	2	0.000862	0.001273
石器	1	0.000431	0.001163
牧畜	1	0.000431	0.001163
墓	1	0.000431	0.001163
見つかっ	1	0.000431	0.001163
東方	1	0.000431	0.001163
北東	1	0.000431	0.001163
南方	1	0.000431	0.001163
中東	1	0.000431	0.001163
路	1	0.000431	0.001163
奪う	1	0.000431	0.001163
半島	1	0.000431	0.001163
浸透	1	0.000431	0.001163
生み出し	1	0.000431	0.001163
引き継ぐ	1	0.000431	0.001163
異名	1	0.000431	0.001163
地位	1	0.000431	0.001163
侵略	1	0.000431	0.001163
打ち	1	0.000431	0.001163
風景	1	0.000431	0.001163
学問	1	0.000431	0.001163
発達	1	0.000431	0.001163
伸ばし	1	0.000431	0.001163
子孫	1	0.000431	0.001163
接する	1	0.000431	0.001163
盛ん	1	0.000431	0.001163
1835	1	0.000431	0.001163
南下	1	0.000431	0.001163
植民	1	0.000431	0.001163
こうした	1	0.000431	0.001163
1855	1	0.000431	0.001163
1857	1	0.000431	0.001163
知識	1	0.000431	0.001163
反発	1	0.000431	0.001163
図ら	1	0.000431	0.001163
強まっ	1	0.000431	0.001163
圭子	1	0.000431	0.001163
朝鮮民主主義人民共和国	1	0.000431	0.001163
東南アジア	1	0.000431	0.001163
インドネシア	1	0.000431	0.001163
シンガポール	1	0.000431	0.001163
タイ	1	0.000431	0.001163
フィリピン	1	0.000431	0.001163
イスラエル	1	0.000431	0.001163
中華民国	1	0.000431	0.001163
パレスチナ	1	0.000431	0.001163
承認	1	0.000431	0.001163
なる	2	0.000862	0.001121
よう	2	0.000862	0.001121
第	2	0.000862	0.001121
編	2	0.000862	0.001121
概説	1	0.000431	0.001085
考古学	1	0.000431	0.001085
住ん	1	0.000431	0.001085
輸出	1	0.000431	0.001085
沖	1	0.000431	0.001085
かも	1	0.000431	0.001085
西方	1	0.000431	0.001085
栄え	1	0.000431	0.001085
属し	1	0.000431	0.001085
全土	1	0.000431	0.001085
急速	1	0.000431	0.001085
達し	1	0.000431	0.001085
率いる	1	0.000431	0.001085
後継	1	0.000431	0.001085
追放	1	0.000431	0.001085
基盤	1	0.000431	0.001085
統一	1	0.000431	0.001085
失わ	1	0.000431	0.001085
国境	1	0.000431	0.001085
見せ	1	0.000431	0.001085
交代	1	0.000431	0.001085
創始	1	0.000431	0.001085
弟	1	0.000431	0.001085
ロシア	1	0.000431	0.001085
遠征	1	0.000431	0.001085
1919	1	0.000431	0.001085
混乱	1	0.000431	0.001085
収め	1	0.000431	0.001085
不満	1	0.000431	0.001085
長尾	1	0.000431	0.001085
中華人民共和国	1	0.000431	0.001085
ベトナム	1	0.000431	0.001085
アラブ	1	0.000431	0.001085
伝説	1	0.000431	0.001034
にわたって	1	0.000431	0.001034
軍人	1	0.000431	0.001034
王	1	0.000431	0.001034
北西	1	0.000431	0.001034
移る	1	0.000431	0.001034
失敗	1	0.000431	0.001034
目指し	1	0.000431	0.001034
芸術	1	0.000431	0.001034
南北	1	0.000431	0.001034
分割	1	0.000431	0.001034
要求	1	0.000431	0.001034
侵攻	1	0.000431	0.001034
一時期	1	0.000431	0.001034
外交	1	0.000431	0.001034
相互	1	0.000431	0.001034
進出	1	0.000431	0.001034
区別	1	0.000431	0.001034
態度	1	0.000431	0.001034
監修	1	0.000431	0.001034
輪	1	0.000431	0.001034
台湾	1	0.000431	0.001034
分類	1	0.000431	0.001034
およそ	1	0.000431	0.000992
現れ	1	0.000431	0.000992
始める	1	0.000431	0.000992
分布	1	0.000431	0.000992
250	1	0.000431	0.000992
教	1	0.000431	0.000992
いくつ	1	0.000431	0.000992
政治	1	0.000431	0.000992
中部	1	0.000431	0.000992
戦い	1	0.000431	0.000992
行い	1	0.000431	0.000992
定め	1	0.000431	0.000992
パリ	1	0.000431	0.000992
明確	1	0.000431	0.000992
1926	1	0.000431	0.000992
しかしながら	1	0.000431	0.000992
起こし	1	0.000431	0.000992
海	1	0.000431	0.000992
頁	1	0.000431	0.000992
フランク	1	0.000431	0.000992
連邦	1	0.000431	0.000992
加盟	1	0.000431	0.000992
船	1	0.000431	0.000950
今日	1	0.000431	0.000950
圏	1	0.000431	0.000950
居住	1	0.000431	0.000950
よる	1	0.000431	0.000950
始まる	1	0.000431	0.000950
編入	1	0.000431	0.000950
有力	1	0.000431	0.000950
分裂	1	0.000431	0.000950
ゲーム	1	0.000431	0.000950
領域	1	0.000431	0.000950
進め	1	0.000431	0.000950
息子	1	0.000431	0.000950
無い	1	0.000431	0.000950
アフリカ	1	0.000431	0.000950
比較的	1	0.000431	0.000925
農業	1	0.000431	0.000925
言語	1	0.000431	0.000925
すなわち	1	0.000431	0.000925
谷	1	0.000431	0.000925
死去	1	0.000431	0.000925
末	1	0.000431	0.000925
政策	1	0.000431	0.000925
力	1	0.000431	0.000925
なか	1	0.000431	0.000925
翌	1	0.000431	0.000925
攻撃	1	0.000431	0.000925
1929	1	0.000431	0.000925
派	1	0.000431	0.000925
1978	1	0.000431	0.000925
1972	1	0.000431	0.000925
ヨーロッパ	1	0.000431	0.000925
受ける	1	0.000431	0.000896
世	1	0.000431	0.000896
設け	1	0.000431	0.000896
体制	1	0.000431	0.000896
獲得	1	0.000431	0.000896
対立	1	0.000431	0.000896
認め	1	0.000431	0.000896
翌年	1	0.000431	0.000896
44	1	0.000431	0.000896
最後	1	0.000431	0.000880
小	1	0.000431	0.000880
完全	1	0.000431	0.000880
色	1	0.000431	0.000880
AE	1	0.000431	0.000880
百科	2	0.000862	0.000862
事典	2	0.000862	0.000862
4	2	0.000862	0.000862
5	2	0.000862	0.000862
ない	2	0.000862	0.000862
など	2	0.000862	0.000862
後	2	0.000862	0.000862
その	2	0.000862	0.000862
-	2	0.000862	0.000862
カテゴリ	2	0.000862	0.000862
.	2	0.000862	0.000862
調査	1	0.000431	0.000862
広く	1	0.000431	0.000862
一つ	1	0.000431	0.000862
様々	1	0.000431	0.000862
200	1	0.000431	0.000862
以後	1	0.000431	0.000862
何	1	0.000431	0.000862
いっ	1	0.000431	0.000862
呼ぶ	1	0.000431	0.000862
45	1	0.000431	0.000862
500	1	0.000431	0.000842
発展	1	0.000431	0.000842
諸	1	0.000431	0.000842
年間	1	0.000431	0.000842
周辺	1	0.000431	0.000842
つつ	1	0.000431	0.000842
保護	1	0.000431	0.000842
1973	1	0.000431	0.000842
BF	1	0.000431	0.000842
とともに	1	0.000431	0.000820
含ま	1	0.000431	0.000820
州	1	0.000431	0.000795
一方	1	0.000431	0.000795
そして	1	0.000431	0.000795
持つ	1	0.000431	0.000795
権	1	0.000431	0.000795
かつて	1	0.000431	0.000795
たち	1	0.000431	0.000795
形	1	0.000431	0.000795
代	1	0.000431	0.000795
廃止	1	0.000431	0.000795
ウィキメディア・コモンズ	1	0.000431	0.000795
西	1	0.000431	0.000795
北	1	0.000431	0.000795
における	1	0.000431	0.000766
部分	1	0.000431	0.000766
結果	1	0.000431	0.000766
学	1	0.000431	0.000766
万	1	0.000431	0.000732
でき	1	0.000431	0.000732
交通	1	0.000431	0.000732
中心	1	0.000431	0.000732
度	1	0.000431	0.000732
長	1	0.000431	0.000732
史	1	0.000431	0.000732
PJ	1	0.000431	0.000732
95	1	0.000431	0.000732
AC	1	0.000431	0.000732
だっ	1	0.000431	0.000690
当時	1	0.000431	0.000690
本	1	0.000431	0.000690
〜	1	0.000431	0.000690
隠す	1	0.000431	0.000690
一覧	1	0.000431	0.000690
一部	1	0.000431	0.000690
81	1	0.000431	0.000690
AD	1	0.000431	0.000690
13	1	0.000431	0.000637
15	1	0.000431	0.000637
き	1	0.000431	0.000637
および	1	0.000431	0.000637
それ	1	0.000431	0.000637
において	1	0.000431	0.000637
か	1	0.000431	0.000637
間	1	0.000431	0.000637
世界	1	0.000431	0.000637
16	1	0.000431	0.000637
その後	1	0.000431	0.000637
地	1	0.000431	0.000637
せ	1	0.000431	0.000637
.^	1	0.000431	0.000637
書き	1	0.000431	0.000637
F	1	0.000431	0.000637
11	1	0.000431	0.000561
12	1	0.000431	0.000561
使用	1	0.000431	0.000561
られる	1	0.000431	0.000561
による	1	0.000431	0.000561
おり	1	0.000431	0.000561
という	1	0.000431	0.000561
もの	1	0.000431	0.000561
大	1	0.000431	0.000561
なり	1	0.000431	0.000561
表	1	0.000431	0.000561
話	1	0.000431	0.000561
歴	1	0.000431	0.000561
かけ	1	0.000431	0.000561
記事	1	0.000431	0.000561
出典	1	0.000431	0.000431
フリー	1	0.000431	0.000431
ウィキペディア	1	0.000431	0.000431
Wikipedia	1	0.000431	0.000431
移動	1	0.000431	0.000431
ナビゲーション	1	0.000431	0.000431
,	1	0.000431	0.000431
検索	1	0.000431	0.000431
目次	1	0.000431	0.000431
表示	1	0.000431	0.000431
7	1	0.000431	0.000431
あっ	1	0.000431	0.000431
ある	1	0.000431	0.000431
月	1	0.000431	0.000431
日本	1	0.000431	0.000431
http	1	0.000431	0.000431
://	1	0.000431	0.000431
ja	1	0.000431	0.000431
wikipedia	1	0.000431	0.000431
org	1	0.000431	0.000431
wiki	1	0.000431	0.000431
/%	1	0.000431	0.000431
A	1	0.000431	0.000431
より	1	0.000431	0.000431
作成	1	0.000431	0.000431
