若野	11	0.016418	0.049254
映像	10	0.014925	0.030468
TVCM	6	0.008955	0.026865
VJ	6	0.008955	0.026865
キャンペーン	6	0.008955	0.022553
DJ	5	0.007463	0.022389
NIKE	5	0.007463	0.022389
し	14	0.020896	0.020896
イラストレーション	5	0.007463	0.020142
桂	5	0.007463	0.018796
イラストレーター	4	0.005970	0.016113
作家	4	0.005970	0.015036
さ	10	0.014925	0.014925
KRUSH	3	0.004478	0.013434
NY	3	0.004478	0.013434
北米	3	0.004478	0.013434
ロボット	3	0.004478	0.013434
AIBO	3	0.004478	0.013434
ラッテ	3	0.004478	0.013434
プロダクト	3	0.004478	0.013434
GO	3	0.004478	0.013434
個展	3	0.004478	0.013434
日本	9	0.013433	0.013433
人気	4	0.005970	0.013159
愛さ	3	0.004478	0.012086
音楽	4	0.005970	0.011361
バスケットボール	3	0.004478	0.010738
ミュージック	3	0.004478	0.010738
ISBN	4	0.005970	0.010616
する	7	0.010448	0.010448
岐阜	3	0.004478	0.010304
アメリカ	4	0.005970	0.010143
ロンドン	3	0.004478	0.009870
2000	4	0.005970	0.009564
イギリス	3	0.004478	0.009141
キャラクター	3	0.004478	0.009141
1968	3	0.004478	0.008956
グラフィックデザイナー	2	0.002985	0.008955
アート	2	0.002985	0.008955
ベジェ	2	0.002985	0.008955
DCG	2	0.002985	0.008955
ファンキー	2	0.002985	0.008955
United	2	0.002985	0.008955
Organization	2	0.002985	0.008955
若者	2	0.002985	0.008955
ボード	2	0.002985	0.008955
フェスティバル	2	0.002985	0.008955
アクティブ	2	0.002985	0.008955
Orb	2	0.002985	0.008955
マカロン	2	0.002985	0.008955
aibo	2	0.002985	0.008955
デザイナー	2	0.002985	0.008955
グッド	2	0.002985	0.008955
日経	2	0.002985	0.008955
銅賞	2	0.002985	0.008955
Girl	2	0.002985	0.008955
studio	2	0.002985	0.008955
ソニーマガジンズ	2	0.002985	0.008955
パルコギャラリー	2	0.002985	0.008955
LA	2	0.002985	0.008955
人物	4	0.005970	0.008818
番組	3	0.004478	0.008262
他	3	0.004478	0.008262
Future	2	0.002985	0.008056
エッジ	2	0.002985	0.008056
手がける	2	0.002985	0.008056
レコード	2	0.002985	0.008056
オーディオ	2	0.002985	0.008056
クリップ	2	0.002985	0.008056
グラフィック	2	0.002985	0.008056
パッケージ	2	0.002985	0.008056
アワード	2	0.002985	0.008056
曲線	2	0.002985	0.007518
独特	2	0.002985	0.007518
街	2	0.002985	0.007518
ビル	2	0.002985	0.007518
アニメーション	2	0.002985	0.007518
RAW	2	0.002985	0.007518
2001	3	0.004478	0.007174
著書	2	0.002985	0.007158
世界中	2	0.002985	0.007158
ファッション	2	0.002985	0.007158
for	2	0.002985	0.007158
イタリア	2	0.002985	0.006869
ビデオ	2	0.002985	0.006869
世界	3	0.004478	0.006615
2004	3	0.004478	0.006615
オリジナル	2	0.002985	0.006579
得る	2	0.002985	0.006579
日本人	2	0.002985	0.006579
アジア	2	0.002985	0.006579
工業	2	0.002985	0.006579
部門	2	0.002985	0.006579
人々	2	0.002985	0.006406
The	2	0.002985	0.006206
E	4	0.005970	0.005970
経歴	2	0.002985	0.005970
CD	2	0.002985	0.005970
テレビ	2	0.002985	0.005970
一	3	0.004478	0.005826
1999	2	0.002985	0.005508
1990	2	0.002985	0.005308
1998	2	0.002985	0.005308
31	2	0.002985	0.005308
2006	2	0.002985	0.005071
作品	2	0.002985	0.004782
2003	2	0.002985	0.004782
かつら	1	0.001493	0.004479
KATSURA	1	0.001493	0.004479
MOSHINO	1	0.001493	0.004479
大垣	1	0.001493	0.004479
アップル	1	0.001493	0.004479
Macintosh	1	0.001493	0.004479
アドビ	1	0.001493	0.004479
ソフトウエア	1	0.001493	0.004479
Illustrator	1	0.001493	0.004479
スモーキーカラー	1	0.001493	0.004479
フューチャリスティック	1	0.001493	0.004479
グラフィックス	1	0.001493	0.004479
パイオニア	1	0.001493	0.004479
オムニバス	1	0.001493	0.004479
presents	1	0.001493	0.004479
MULTI	1	0.001493	0.004479
DIRECTION	1	0.001493	0.004479
マンディ	1	0.001493	0.004479
満ちる	1	0.001493	0.004479
モンドグロッソ	1	0.001493	0.004479
bird	1	0.001493	0.004479
フライヤー	1	0.001493	0.004479
VIVA	1	0.001493	0.004479
ビバ・ユー	1	0.001493	0.004479
ガーリー	1	0.001493	0.004479
作り上げ	1	0.001493	0.004479
ジェフリー・フルビマーリ	1	0.001493	0.004479
ヒロシ	1	0.001493	0.004479
ジェイソン・ブルックス	1	0.001493	0.004479
並ん	1	0.001493	0.004479
アイコ	1	0.001493	0.004479
CC	1	0.001493	0.004479
レモン・モシノグッズ・キャンペーン	1	0.001493	0.004479
老若男女	1	0.001493	0.004479
URBAN	1	0.001493	0.004479
ATTACK	1	0.001493	0.004479
題さ	1	0.001493	0.004479
埋め	1	0.001493	0.004479
スモーキー	1	0.001493	0.004479
モシノ・ピンク	1	0.001493	0.004479
Japanese	1	0.001493	0.004479
twist	1	0.001493	0.004479
ヒネリ	1	0.001493	0.004479
評さ	1	0.001493	0.004479
師	1	0.001493	0.004479
クリントン	1	0.001493	0.004479
クス	1	0.001493	0.004479
バスケット	1	0.001493	0.004479
シューズ	1	0.001493	0.004479
ヒップホップカルチャー	1	0.001493	0.004479
ディープ	1	0.001493	0.004479
PLAYER	1	0.001493	0.004479
DElIGHT	1	0.001493	0.004479
アスリート	1	0.001493	0.004479
ラッパー	1	0.001493	0.004479
ZEEBRA	1	0.001493	0.004479
TWIGY	1	0.001493	0.004479
DEV	1	0.001493	0.004479
LARGE	1	0.001493	0.004479
高値	1	0.001493	0.004479
プレミア	1	0.001493	0.004479
ポータルサイト	1	0.001493	0.004479
留まら	1	0.001493	0.004479
ミキサー	1	0.001493	0.004479
芝浦	1	0.001493	0.004479
バースデー	1	0.001493	0.004479
JAZZIN	1	0.001493	0.004479
レインボー	1	0.001493	0.004479
リキッドルーム	1	0.001493	0.004479
宇川	1	0.001493	0.004479
直宏	1	0.001493	0.004479
ムーブメント	1	0.001493	0.004479
オリジネイター	1	0.001493	0.004479
モード学園	1	0.001493	0.004479
竹村	1	0.001493	0.004479
ノブ	1	0.001493	0.004479
カズ	1	0.001493	0.004479
sign	1	0.001493	0.004479
口コミ	1	0.001493	0.004479
プエルトリコ	1	0.001493	0.004479
インディ	1	0.001493	0.004479
脚光	1	0.001493	0.004479
ライブ	1	0.001493	0.004479
NO	1	0.001493	0.004479
MORE	1	0.001493	0.004479
飛び入り	1	0.001493	0.004479
メタモルフォーゼ	1	0.001493	0.004479
ジ・オーブ	1	0.001493	0.004479
nobodyknows	1	0.001493	0.004479
ココロオドル	1	0.001493	0.004479
行程	1	0.001493	0.004479
レンジ	1	0.001493	0.004479
MEKOOR	1	0.001493	0.004479
SAZABY	1	0.001493	0.004479
カーサ・ブルータス	1	0.001493	0.004479
キュレーター	1	0.001493	0.004479
インハウス	1	0.001493	0.004479
パピー	1	0.001493	0.004479
子犬	1	0.001493	0.004479
理系	1	0.001493	0.004479
性別	1	0.001493	0.004479
可愛	1	0.001493	0.004479
滲み	1	0.001493	0.004479
テディベア	1	0.001493	0.004479
パグ	1	0.001493	0.004479
ランナー	1	0.001493	0.004479
ライブ・ペインティング	1	0.001493	0.004479
観	1	0.001493	0.004479
ペインティング	1	0.001493	0.004479
インスパイア	1	0.001493	0.004479
真似事	1	0.001493	0.004479
ライブ・ペインティング・ブーム	1	0.001493	0.004479
火付け	1	0.001493	0.004479
キヤノン・デジタル・クリエーターズ・コンテスト	1	0.001493	0.004479
TOMATO	1	0.001493	0.004479
ビューティーン・ヘアカラー	1	0.001493	0.004479
エビアン	1	0.001493	0.004479
ボトル	1	0.001493	0.004479
多才	1	0.001493	0.004479
Moshino	1	0.001493	0.004479
河出	1	0.001493	0.004479
4309902804	1	0.001493	0.004479
COMMUNICATION	1	0.001493	0.004479
ロウ	1	0.001493	0.004479
4794966806	1	0.001493	0.004479
アイボ・ブック	1	0.001493	0.004479
4789717453	1	0.001493	0.004479
DOGS	1	0.001493	0.004479
ドッグス	1	0.001493	0.004479
キース・ヘリング	1	0.001493	0.004479
4789717364	1	0.001493	0.004479
渋谷	1	0.001493	0.004479
エコノミー	1	0.001493	0.004479
DISCOGRAPHY	1	0.001493	0.004479
Chilling	1	0.001493	0.004479
Madness	1	0.001493	0.004479
Sweeties	1	0.001493	0.004479
キヤノン・ワンダーミュージアム	1	0.001493	0.004479
VS	1	0.001493	0.004479
ヴァーサス	1	0.001493	0.004479
パルコ	1	0.001493	0.004479
ミュージアム	1	0.001493	0.004479
UP	1	0.001493	0.004479
OUR	1	0.001493	0.004479
SLEEVE	1	0.001493	0.004479
ADIDAS	1	0.001493	0.004479
EXHIBITION	1	0.001493	0.004479
HIDE	1	0.001493	0.004479
SEEK	1	0.001493	0.004479
ブレイクスルー	1	0.001493	0.004479
マイコミジャーナル	1	0.001493	0.004479
新型	1	0.001493	0.004479
テレバイダー	1	0.001493	0.004479
MXTV	1	0.001493	0.004479
2	3	0.004478	0.004478
3	3	0.004478	0.004478
8	3	0.004478	0.004478
ディレクター	1	0.001493	0.004030
生み出し	1	0.001493	0.004030
YOU	1	0.001493	0.004030
敏感	1	0.001493	0.004030
ブーム	1	0.001493	0.004030
サントリー	1	0.001493	0.004030
ピンク色	1	0.001493	0.004030
FUNK	1	0.001493	0.004030
ブラック	1	0.001493	0.004030
カルチャー	1	0.001493	0.004030
根付い	1	0.001493	0.004030
ワーク	1	0.001493	0.004030
NBA	1	0.001493	0.004030
ラップ	1	0.001493	0.004030
GOLD	1	0.001493	0.004030
径	1	0.001493	0.004030
ホット	1	0.001493	0.004030
スリー	1	0.001493	0.004030
新宿	1	0.001493	0.004030
歌舞伎町	1	0.001493	0.004030
康	1	0.001493	0.004030
うた	1	0.001493	0.004030
キュー	1	0.001493	0.004030
イラン	1	0.001493	0.004030
浴びる	1	0.001493	0.004030
イラク	1	0.001493	0.004030
WAR	1	0.001493	0.004030
脚本	1	0.001493	0.004030
カメラ	1	0.001493	0.004030
東芝	1	0.001493	0.004030
バッグ	1	0.001493	0.004030
SONY	1	0.001493	0.004030
迎え	1	0.001493	0.004030
ペット	1	0.001493	0.004030
永く	1	0.001493	0.004030
オーナー	1	0.001493	0.004030
キヤノン	1	0.001493	0.004030
works	1	0.001493	0.004030
ワークス	1	0.001493	0.004030
コミュニケーション	1	0.001493	0.004030
晶文社	1	0.001493	0.004030
BOOK	1	0.001493	0.004030
MY	1	0.001493	0.004030
香港	1	0.001493	0.004030
シンガポール	1	0.001493	0.004030
アメリカン	1	0.001493	0.004030
外部	2	0.002985	0.003884
作風	1	0.001493	0.003760
アーティスト	1	0.001493	0.003760
ジャケット	1	0.001493	0.003760
ブランド	1	0.001493	0.003760
田辺	1	0.001493	0.003760
飲料	1	0.001493	0.003760
典	1	0.001493	0.003760
ばん	1	0.001493	0.003760
CM	1	0.001493	0.003760
シカゴ	1	0.001493	0.003760
ニューヨーク	1	0.001493	0.003760
オフィシャル	1	0.001493	0.003760
メディア	1	0.001493	0.003760
始め	1	0.001493	0.003760
グッズ	1	0.001493	0.003760
SHOW	1	0.001493	0.003760
マイケル	1	0.001493	0.003760
ON	1	0.001493	0.003760
AND	1	0.001493	0.003760
手法	1	0.001493	0.003580
色	1	0.001493	0.003580
チャート	1	0.001493	0.003580
大型	1	0.001493	0.003580
ツアー	1	0.001493	0.003580
電子	1	0.001493	0.003580
優れ	1	0.001493	0.003580
選ば	1	0.001493	0.003580
NHK	1	0.001493	0.003580
トップ	1	0.001493	0.003580
名古屋	1	0.001493	0.003580
ウェブサイト	1	0.001493	0.003580
県立	1	0.001493	0.003435
手がけ	1	0.001493	0.003435
初	1	0.001493	0.003435
ジョージ	1	0.001493	0.003435
非常	1	0.001493	0.003435
TBS	1	0.001493	0.003435
スペイン	1	0.001493	0.003435
世	1	0.001493	0.003435
年齢	1	0.001493	0.003435
書房	1	0.001493	0.003435
パリ	1	0.001493	0.003435
話題	1	0.001493	0.003291
イベント	1	0.001493	0.003291
言葉	1	0.001493	0.003291
出る	1	0.001493	0.003291
範囲	1	0.001493	0.003291
アルバム	1	0.001493	0.003204
商品	1	0.001493	0.003204
マン	1	0.001493	0.003204
シングル	1	0.001493	0.003204
ヨーロッパ	1	0.001493	0.003204
至る	1	0.001493	0.003204
X	1	0.001493	0.003204
企業	1	0.001493	0.003204
L	1	0.001493	0.003204
グループ	1	0.001493	0.003204
スペース	1	0.001493	0.003204
TV	1	0.001493	0.003204
小林	1	0.001493	0.003104
各地	1	0.001493	0.003104
日本語	1	0.001493	0.003104
シリーズ	1	0.001493	0.003048
著名	1	0.001493	0.003048
87	1	0.001493	0.003048
経	1	0.001493	0.002986
S	1	0.001493	0.002986
雑誌	1	0.001493	0.002986
様々	1	0.001493	0.002986
s	1	0.001493	0.002986
1	2	0.002985	0.002985
5	2	0.002985	0.002985
なっ	2	0.002985	0.002985
A	2	0.002985	0.002985
1986	1	0.001493	0.002918
東	1	0.001493	0.002918
得	1	0.001493	0.002918
なく	1	0.001493	0.002918
高い	1	0.001493	0.002918
大阪	1	0.001493	0.002918
生まれ	1	0.001493	0.002841
映画	1	0.001493	0.002841
規模	1	0.001493	0.002841
高等	1	0.001493	0.002755
女性	1	0.001493	0.002755
全国	1	0.001493	0.002755
西	1	0.001493	0.002755
人	1	0.001493	0.002755
内容	1	0.001493	0.002655
学校	1	0.001493	0.002537
1980	1	0.001493	0.002537
行っ	1	0.001493	0.002537
知ら	1	0.001493	0.002537
2002	1	0.001493	0.002537
公式	1	0.001493	0.002537
90	1	0.001493	0.002392
P	1	0.001493	0.002392
行わ	1	0.001493	0.002392
行う	1	0.001493	0.002392
出身	1	0.001493	0.002392
14	1	0.001493	0.002205
あっ	1	0.001493	0.002205
受け	1	0.001493	0.002205
なり	1	0.001493	0.001942
なる	1	0.001493	0.001942
二	1	0.001493	0.001942
記事	1	0.001493	0.001942
出典	1	0.001493	0.001493
フリー	1	0.001493	0.001493
百科	1	0.001493	0.001493
事典	1	0.001493	0.001493
ウィキペディア	1	0.001493	0.001493
Wikipedia	1	0.001493	0.001493
ナビゲーション	1	0.001493	0.001493
目次	1	0.001493	0.001493
4	1	0.001493	0.001493
ある	1	0.001493	0.001493
http	1	0.001493	0.001493
ja	1	0.001493	0.001493
wikipedia	1	0.001493	0.001493
org	1	0.001493	0.001493
wiki	1	0.001493	0.001493
B	1	0.001493	0.001493
9	1	0.001493	0.001493
6	1	0.001493	0.001493
82	1	0.001493	0.001493
カテゴリ	1	0.001493	0.001493
