公園	45	0.102975	0.220998
国立	41	0.093822	0.195073
霧島	12	0.027460	0.082380
地域	11	0.025172	0.046445
屋久島	7	0.016018	0.043232
屋久	6	0.013730	0.041190
火山	5	0.011442	0.034326
錦江湾	5	0.011442	0.030882
桜島	3	0.006865	0.020595
雲仙	3	0.006865	0.020595
佐多岬	3	0.006865	0.018528
E	8	0.018307	0.018307
景勝	3	0.006865	0.017290
豊富	3	0.006865	0.016462
海岸	3	0.006865	0.016462
9	7	0.016018	0.016018
B	7	0.016018	0.016018
中心	4	0.009153	0.015551
九州	3	0.006865	0.015131
温泉	3	0.006865	0.015131
主要	3	0.006865	0.014733
霧島山	2	0.004577	0.013731
天草	2	0.004577	0.013731
韓国	2	0.004577	0.013731
開聞岳	2	0.004577	0.013731
3	6	0.013730	0.013730
さ	6	0.013730	0.013730
日本	6	0.013730	0.013730
自然	3	0.006865	0.013730
瀬戸内海	2	0.004577	0.012353
国定	2	0.004577	0.012353
1	5	0.011442	0.011442
5	5	0.011442	0.011442
池田	2	0.004577	0.010532
中部	2	0.004577	0.010532
地理	2	0.004577	0.010088
面積	2	0.004577	0.009823
鹿児島	2	0.004577	0.009516
000	2	0.004577	0.009154
する	4	0.009153	0.009153
し	4	0.009153	0.009153
周辺	2	0.004577	0.008945
南	2	0.004577	0.008710
km	2	0.004577	0.008139
85	2	0.004577	0.007776
多い	2	0.004577	0.007333
昭和	2	0.004577	0.007333
P	2	0.004577	0.007333
2	3	0.006865	0.006865
月	3	0.006865	0.006865
きり	1	0.002288	0.006864
やく	1	0.002288	0.006864
薩摩半島	1	0.002288	0.006864
南岸	1	0.002288	0.006864
794	1	0.002288	0.006864
温泉郷	1	0.002288	0.006864
指宿	1	0.002288	0.006864
尾之間	1	0.002288	0.006864
202	1	0.002288	0.006864
火口湖	1	0.002288	0.006864
シイ	1	0.002288	0.006864
アカマツ	1	0.002288	0.006864
ミヤマキリシマ	1	0.002288	0.006864
咲き誇る	1	0.002288	0.006864
天然	1	0.002288	0.006864
優美	1	0.002288	0.006864
マングローブ	1	0.002288	0.006864
喜入	1	0.002288	0.006864
アコウ	1	0.002288	0.006864
繋	1	0.002288	0.006864
砂州	1	0.002288	0.006864
知林ヶ島	1	0.002288	0.006864
富む	1	0.002288	0.006864
宮之浦岳	1	0.002288	0.006864
植生	1	0.002288	0.006864
垂直	1	0.002288	0.006864
えびの高原	1	0.002288	0.006864
長崎	1	0.002288	0.006864
鰻池	1	0.002288	0.006864
口永良部島	1	0.002288	0.006864
阿寒	1	0.002288	0.006864
大雪山	1	0.002288	0.006864
支笏	1	0.002288	0.006864
洞爺	1	0.002288	0.006864
知床	1	0.002288	0.006864
利尻	1	0.002288	0.006864
礼文	1	0.002288	0.006864
サロベツ	1	0.002288	0.006864
釧路	1	0.002288	0.006864
湿原	1	0.002288	0.006864
十和田	1	0.002288	0.006864
磐梯	1	0.002288	0.006864
陸中	1	0.002288	0.006864
箱根	1	0.002288	0.006864
伊豆	1	0.002288	0.006864
尾瀬	1	0.002288	0.006864
志摩	1	0.002288	0.006864
上信越	1	0.002288	0.006864
白山	1	0.002288	0.006864
熊野	1	0.002288	0.006864
山陰	1	0.002288	0.006864
隠岐	1	0.002288	0.006864
足摺	1	0.002288	0.006864
宇和海	1	0.002288	0.006864
阿蘇	1	0.002288	0.006864
くじゅう	1	0.002288	0.006864
西海	1	0.002288	0.006864
石垣	1	0.002288	0.006864
歴史	2	0.004577	0.006761
16	2	0.004577	0.006761
C	2	0.004577	0.006761
りつ	1	0.002288	0.006175
こうえん	1	0.002288	0.006175
ha	1	0.002288	0.006175
及び	1	0.002288	0.006175
一帯	1	0.002288	0.006175
訪れる	1	0.002288	0.006175
座	1	0.002288	0.006175
残り	1	0.002288	0.006175
山容	1	0.002288	0.006175
崖	1	0.002288	0.006175
陸	1	0.002288	0.006175
見事	1	0.002288	0.006175
杉	1	0.002288	0.006175
貴重	1	0.002288	0.006175
岳	1	0.002288	0.006175
八幡平	1	0.002288	0.006175
朝日	1	0.002288	0.006175
多摩	1	0.002288	0.006175
アルプス	1	0.002288	0.006175
山岳	1	0.002288	0.006175
伊勢	1	0.002288	0.006175
高原	1	0.002288	0.006175
大山	1	0.002288	0.006175
西表	1	0.002288	0.006175
外部	2	0.004577	0.005955
属し	1	0.002288	0.005762
東西	1	0.002288	0.005762
続ける	1	0.002288	0.005762
湖	1	0.002288	0.005762
誇る	1	0.002288	0.005762
山頂	1	0.002288	0.005762
樹齢	1	0.002288	0.005762
生物	1	0.002288	0.005762
鼻	1	0.002288	0.005762
日光	1	0.002288	0.005762
富士	1	0.002288	0.005762
秩父	1	0.002288	0.005762
甲斐	1	0.002288	0.005762
小笠原	1	0.002288	0.005762
吉野	1	0.002288	0.005762
四国	1	0.002288	0.005762
しま	1	0.002288	0.005486
こく	1	0.002288	0.005486
年間	1	0.002288	0.005486
超える	1	0.002288	0.005486
桜	1	0.002288	0.005486
東北	1	0.002288	0.005486
関東	1	0.002288	0.005486
1964	1	0.002288	0.005265
活発	1	0.002288	0.005265
近畿	1	0.002288	0.005265
都道府県	1	0.002288	0.005265
領域	1	0.002288	0.005043
39	1	0.002288	0.005043
唯一	1	0.002288	0.005043
動物	1	0.002288	0.005043
北海道	1	0.002288	0.005043
持ち	1	0.002288	0.004910
設け	1	0.002288	0.004757
1934	1	0.002288	0.004757
1955	1	0.002288	0.004757
中国	1	0.002288	0.004757
BD	1	0.002288	0.004671
4	2	0.004577	0.004577
7	2	0.004577	0.004577
8	2	0.004577	0.004577
いわ	1	0.002288	0.004471
92	1	0.002288	0.004471
最初	1	0.002288	0.004354
60	1	0.002288	0.004222
人	1	0.002288	0.004222
北	1	0.002288	0.004222
万	1	0.002288	0.003887
22	1	0.002288	0.003887
数	1	0.002288	0.003887
AB	1	0.002288	0.003887
AC	1	0.002288	0.003887
世界	1	0.002288	0.003380
書き	1	0.002288	0.003380
なる	1	0.002288	0.002977
20	1	0.002288	0.002977
記事	1	0.002288	0.002977
求め	1	0.002288	0.002977
出典	1	0.002288	0.002288
フリー	1	0.002288	0.002288
百科	1	0.002288	0.002288
事典	1	0.002288	0.002288
ウィキペディア	1	0.002288	0.002288
Wikipedia	1	0.002288	0.002288
ナビゲーション	1	0.002288	0.002288
ある	1	0.002288	0.002288
目次	1	0.002288	0.002288
項目	1	0.002288	0.002288
http	1	0.002288	0.002288
ja	1	0.002288	0.002288
wikipedia	1	0.002288	0.002288
org	1	0.002288	0.002288
wiki	1	0.002288	0.002288
A	1	0.002288	0.002288
6	1	0.002288	0.002288
カテゴリ	1	0.002288	0.002288
