島崎	28	0.040000	0.107959
音楽	24	0.034286	0.065249
明治	18	0.025714	0.048936
オルガン	11	0.015714	0.047142
唱歌	8	0.011429	0.030847
し	20	0.028571	0.028571
赤	8	0.011429	0.026298
太郎	8	0.011429	0.025191
文部省	6	0.008571	0.023133
昭和	10	0.014286	0.022887
東京	9	0.012857	0.021844
共益	5	0.007143	0.021429
商社	5	0.007143	0.021429
尋常	5	0.007143	0.021429
田村	5	0.007143	0.021429
ペリ	5	0.007143	0.021429
学校	8	0.011429	0.019418
小学	5	0.007143	0.017128
さ	11	0.015714	0.015714
田辺	4	0.005714	0.014391
伝記	3	0.004286	0.012858
譜	3	0.004286	0.012858
尚雄	3	0.004286	0.012858
考	3	0.004286	0.012858
4	9	0.012857	0.012857
委員	4	0.005714	0.011880
虎	3	0.004286	0.011568
ノエル	3	0.004286	0.011568
教会	3	0.004286	0.010794
福井	3	0.004286	0.010278
よれ	3	0.004286	0.010278
月	7	0.010000	0.010000
E	7	0.010000	0.010000
秋	3	0.004286	0.009862
なかっ	3	0.004286	0.009198
協会	3	0.004286	0.008572
ルドルフ・ディットリヒ	2	0.002857	0.008571
母校	2	0.002857	0.008571
ライプツィヒ	2	0.002857	0.008571
廉太郎	2	0.002857	0.008571
白井	2	0.002857	0.008571
教則	2	0.002857	0.008571
吉丸	2	0.002857	0.008571
一昌	2	0.002857	0.008571
励	2	0.002857	0.008571
理平	2	0.002857	0.008571
ノエル・ペリ	2	0.002857	0.008571
北村	2	0.002857	0.008571
8	6	0.008571	0.008571
日本	6	0.008571	0.008571
ある	6	0.008571	0.008571
瀧	2	0.002857	0.007711
教師	2	0.002857	0.007711
岡野	2	0.002857	0.007711
貞一	2	0.002857	0.007711
中田	2	0.002857	0.007711
楽譜	2	0.002857	0.007711
風評	2	0.002857	0.007711
赤井	2	0.002857	0.007711
カトリック	2	0.002857	0.007711
遠藤	2	0.002857	0.007711
宏	2	0.002857	0.007711
両論	2	0.002857	0.007711
史料	2	0.002857	0.007711
文献	3	0.004286	0.007282
文化	3	0.004286	0.007282
略歴	2	0.002857	0.007195
キリスト	2	0.002857	0.007195
5	5	0.007143	0.007143
する	5	0.007143	0.007143
教授	2	0.002857	0.006851
理論	2	0.002857	0.006851
教科書	2	0.002857	0.006851
人形	2	0.002857	0.006851
直	2	0.002857	0.006851
中村	2	0.002857	0.006851
父親	2	0.002857	0.006574
教	2	0.002857	0.006574
教え	2	0.002857	0.006574
人物	3	0.004286	0.006331
1933	2	0.002857	0.006297
中期	2	0.002857	0.006297
章	2	0.002857	0.006297
資料	2	0.002857	0.006131
重要	2	0.002857	0.005940
1934	2	0.002857	0.005940
元	2	0.002857	0.005832
9	4	0.005714	0.005714
2	4	0.005714	0.005714
3	4	0.005714	0.005714
B	4	0.005714	0.005714
物語	2	0.002857	0.005583
二	3	0.004286	0.005576
形	2	0.002857	0.005437
大正	2	0.002857	0.005437
事件	2	0.002857	0.005437
国際	2	0.002857	0.005271
ISBN	2	0.002857	0.005080
公式	2	0.002857	0.004854
知ら	2	0.002857	0.004854
可能	2	0.002857	0.004854
必要	2	0.002857	0.004577
1874	1	0.001429	0.004287
奏者	1	0.001429	0.004287
入船	1	0.001429	0.004287
内国	1	0.001429	0.004287
勧業	1	0.001429	0.004287
藝	1	0.001429	0.004287
作之助	1	0.001429	0.004287
昭憲皇太后	1	0.001429	0.004287
御前	1	0.001429	0.004287
1902	1	0.001429	0.004287
王立	1	0.001429	0.004287
アルトゥール・ニキシュ	1	0.001429	0.004287
校長	1	0.001429	0.004287
パウル・ホーマイエル	1	0.001429	0.004287
視学	1	0.001429	0.004287
主任	1	0.001429	0.004287
年初	1	0.001429	0.004287
146	1	0.001429	0.004287
重鎮	1	0.001429	0.004287
大正天皇	1	0.001429	0.004287
大礼	1	0.001429	0.004287
芝	1	0.001429	0.004287
西南学院大学	1	0.001429	0.004287
立教大学	1	0.001429	0.004287
校歌	1	0.001429	0.004287
摂政	1	0.001429	0.004287
御製	1	0.001429	0.004287
最上川	1	0.001429	0.004287
フーガ	1	0.001429	0.004287
送る	1	0.001429	0.004287
楽典	1	0.001429	0.004287
ザーロモン・ヤーダスゾーン	1	0.001429	0.004287
音楽家	1	0.001429	0.004287
潔	1	0.001429	0.004287
早春	1	0.001429	0.004287
序文	1	0.001429	0.004287
綿密	1	0.001429	0.004287
実名	1	0.001429	0.004287
王冠	1	0.001429	0.004287
瑞宝章	1	0.001429	0.004287
派閥	1	0.001429	0.004287
当事者	1	0.001429	0.004287
1904	1	0.001429	0.004287
俗説	1	0.001429	0.004287
功労	1	0.001429	0.004287
官報	1	0.001429	0.004287
実家	1	0.001429	0.004287
収入	1	0.001429	0.004287
直弟子	1	0.001429	0.004287
草川	1	0.001429	0.004287
宣雄	1	0.001429	0.004287
書き残し	1	0.001429	0.004287
鍵	1	0.001429	0.004287
軋轢	1	0.001429	0.004287
未成年	1	0.001429	0.004287
晴	1	0.001429	0.004287
伝	1	0.001429	0.004287
停学	1	0.001429	0.004287
有識者	1	0.001429	0.004287
事前	1	0.001429	0.004287
没	1	0.001429	0.004287
精密	1	0.001429	0.004287
動乱	1	0.001429	0.004287
書物	1	0.001429	0.004287
安易	1	0.001429	0.004287
慎重	1	0.001429	0.004287
不確か	1	0.001429	0.004287
普遍	1	0.001429	0.004287
弓	1	0.001429	0.004287
7872	1	0.001429	0.004287
7216	1	0.001429	0.004287
本邦	1	0.001429	0.004287
小松	1	0.001429	0.004287
耕	1	0.001429	0.004287
輔	1	0.001429	0.004287
ひらく	1	0.001429	0.004287
音楽之友社	1	0.001429	0.004287
洋楽	1	0.001429	0.004287
大空	1	0.001429	0.004287
7568	1	0.001429	0.004287
0236	1	0.001429	0.004287
3073	1	0.001429	0.004287
オルガニスト	1	0.001429	0.004287
東京芸術大学	1	0.001429	0.004287
在外	1	0.001429	0.004287
1	3	0.004286	0.004286
6	3	0.004286	0.004286
受け	2	0.002857	0.004220
三	2	0.002857	0.004220
歴史	2	0.002857	0.004220
ざき	1	0.001429	0.003857
築地	1	0.001429	0.003857
大工	1	0.001429	0.003857
棟梁	1	0.001429	0.003857
クリスチャン	1	0.001429	0.003857
小山	1	0.001429	0.003857
留学生	1	0.001429	0.003857
1906	1	0.001429	0.003857
1899	1	0.001429	0.003857
数多く	1	0.001429	0.003857
愛宕	1	0.001429	0.003857
皇太子	1	0.001429	0.003857
天皇	1	0.001429	0.003857
歌	1	0.001429	0.003857
歌わ	1	0.001429	0.003857
辞典	1	0.001429	0.003857
とっ	1	0.001429	0.003857
永井	1	0.001429	0.003857
幸次	1	0.001429	0.003857
ルーマニア	1	0.001429	0.003857
勲	1	0.001429	0.003857
誤っ	1	0.001429	0.003857
広まっ	1	0.001429	0.003857
出来事	1	0.001429	0.003857
合わ	1	0.001429	0.003857
間違っ	1	0.001429	0.003857
同僚	1	0.001429	0.003857
先生	1	0.001429	0.003857
具体	1	0.001429	0.003857
季	1	0.001429	0.003857
望ましい	1	0.001429	0.003857
立場	1	0.001429	0.003857
本文	1	0.001429	0.003857
青	1	0.001429	0.003857
なり	2	0.002857	0.003717
あか	1	0.001429	0.003599
熊	1	0.001429	0.003599
あげ	1	0.001429	0.003599
1893	1	0.001429	0.003599
1901	1	0.001429	0.003599
葬儀	1	0.001429	0.003599
山形	1	0.001429	0.003599
県民	1	0.001429	0.003599
書い	1	0.001429	0.003599
浄土真宗	1	0.001429	0.003599
真宗	1	0.001429	0.003599
訳書	1	0.001429	0.003599
遺族	1	0.001429	0.003599
珍しい	1	0.001429	0.003599
武士	1	0.001429	0.003599
史家	1	0.001429	0.003599
名簿	1	0.001429	0.003599
邪魔	1	0.001429	0.003599
友	1	0.001429	0.003599
書	1	0.001429	0.003599
つい	1	0.001429	0.003599
故人	1	0.001429	0.003599
業績	1	0.001429	0.003599
しま	1	0.001429	0.003427
郎	1	0.001429	0.003427
一家	1	0.001429	0.003427
学び	1	0.001429	0.003427
中学	1	0.001429	0.003427
著書	1	0.001429	0.003427
信	1	0.001429	0.003427
民間	1	0.001429	0.003427
歌詞	1	0.001429	0.003427
1917	1	0.001429	0.003427
勲章	1	0.001429	0.003427
正確	1	0.001429	0.003427
基づく	1	0.001429	0.003427
離れ	1	0.001429	0.003427
強く	1	0.001429	0.003427
相互	1	0.001429	0.003427
教員	1	0.001429	0.003427
学ぶ	1	0.001429	0.003288
明確	1	0.001429	0.003288
永	1	0.001429	0.003288
信濃	1	0.001429	0.003288
傾向	1	0.001429	0.003288
39	1	0.001429	0.003150
宗	1	0.001429	0.003150
もっ	1	0.001429	0.003150
夫人	1	0.001429	0.003150
使っ	1	0.001429	0.003150
被害	1	0.001429	0.003150
新た	1	0.001429	0.003150
日本人	1	0.001429	0.003150
1930	1	0.001429	0.003067
1927	1	0.001429	0.003067
残っ	1	0.001429	0.003067
1928	1	0.001429	0.003067
37	1	0.001429	0.003067
外国	1	0.001429	0.003067
自体	1	0.001429	0.003067
起こっ	1	0.001429	0.003067
博士	1	0.001429	0.003067
主要	1	0.001429	0.003067
金	1	0.001429	0.003067
1952	1	0.001429	0.003067
ドイツ	1	0.001429	0.002971
もと	1	0.001429	0.002971
務め	1	0.001429	0.002971
米	1	0.001429	0.002971
井上	1	0.001429	0.002971
34	1	0.001429	0.002917
曲	1	0.001429	0.002917
つけ	1	0.001429	0.002917
四	1	0.001429	0.002917
多かっ	1	0.001429	0.002917
1941	1	0.001429	0.002917
32	1	0.001429	0.002858
本	1	0.001429	0.002858
上記	1	0.001429	0.002858
示す	1	0.001429	0.002858
一つ	1	0.001429	0.002858
現代	1	0.001429	0.002858
新しい	1	0.001429	0.002858
7	2	0.002857	0.002857
なっ	2	0.002857	0.002857
A	2	0.002857	0.002857
35	1	0.001429	0.002793
1936	1	0.001429	0.002793
日	1	0.001429	0.002793
生まれ	1	0.001429	0.002720
23	1	0.001429	0.002720
専門	1	0.001429	0.002720
国	1	0.001429	0.002720
花	1	0.001429	0.002720
大学	1	0.001429	0.002637
夏	1	0.001429	0.002637
初期	1	0.001429	0.002637
せ	1	0.001429	0.002637
1995	1	0.001429	0.002637
1996	1	0.001429	0.002637
内容	1	0.001429	0.002541
19	1	0.001429	0.002428
26	1	0.001429	0.002428
行っ	1	0.001429	0.002428
数	1	0.001429	0.002428
間	1	0.001429	0.002428
でき	1	0.001429	0.002428
一般	1	0.001429	0.002428
AA	1	0.001429	0.002428
行わ	1	0.001429	0.002289
多い	1	0.001429	0.002289
出身	1	0.001429	0.002289
13	1	0.001429	0.002111
15	1	0.001429	0.002111
あっ	1	0.001429	0.002111
C	1	0.001429	0.002111
なる	1	0.001429	0.001859
時代	1	0.001429	0.001859
11	1	0.001429	0.001859
20	1	0.001429	0.001859
0	1	0.001429	0.001859
出典	1	0.001429	0.001429
フリー	1	0.001429	0.001429
百科	1	0.001429	0.001429
事典	1	0.001429	0.001429
ウィキペディア	1	0.001429	0.001429
Wikipedia	1	0.001429	0.001429
ナビゲーション	1	0.001429	0.001429
目次	1	0.001429	0.001429
http	1	0.001429	0.001429
ja	1	0.001429	0.001429
wikipedia	1	0.001429	0.001429
org	1	0.001429	0.001429
wiki	1	0.001429	0.001429
83	1	0.001429	0.001429
カテゴリ	1	0.001429	0.001429
