足利	35	0.026677	0.072000
の	73	0.055640	0.055640
に	47	0.035823	0.035823
御所	15	0.011433	0.030857
室町	16	0.012195	0.030713
た	37	0.028201	0.028201
年	37	0.028201	0.028201
、	36	0.027439	0.027439
と	32	0.024390	0.024390
将軍	12	0.009146	0.023034
は	30	0.022866	0.022866
。	30	0.022866	0.022866
花	14	0.010671	0.020308
通	10	0.007622	0.019196
（	25	0.019055	0.019055
）	25	0.019055	0.019055
義満	8	0.006098	0.018294
を	22	0.016768	0.016768
が	22	0.016768	0.016768
今出川	7	0.005335	0.016005
邸宅	7	0.005335	0.016005
:	20	0.015244	0.015244
町	10	0.007622	0.013553
幕府	7	0.005335	0.012793
殿	6	0.004573	0.012342
岡松	5	0.003811	0.011433
家	10	0.007622	0.011259
公家	5	0.003811	0.010286
れ	13	0.009909	0.009909
て	13	0.009909	0.009909
で	13	0.009909	0.009909
亭	4	0.003049	0.009147
北小路	4	0.003049	0.009147
義詮	4	0.003049	0.009147
敷地	5	0.003811	0.009139
%	11	0.008384	0.008384
し	10	0.007622	0.007622
ある	10	0.007622	0.007622
京都	5	0.003811	0.007253
代	5	0.003811	0.007032
永	4	0.003049	0.007016
烏丸	3	0.002287	0.006861
大聖寺	3	0.002287	0.006861
上皇	3	0.002287	0.006861
義持	3	0.002287	0.006861
始まる	4	0.003049	0.006720
崇	3	0.002287	0.006173
呼ば	5	0.003811	0.006105
「	8	0.006098	0.006098
」	8	0.006098	0.006098
・	8	0.006098	0.006098
れる	8	0.006098	0.006098
さ	8	0.006098	0.006098
時代	6	0.004573	0.005950
跡	3	0.002287	0.005760
南北	3	0.002287	0.005484
邸	3	0.002287	0.005484
する	7	0.005335	0.005335
から	7	0.005335	0.005335
条	3	0.002287	0.005262
元年	3	0.002287	0.005262
現在	5	0.003811	0.004958
政権	3	0.002287	0.004908
光	3	0.002287	0.004908
内	4	0.003049	0.004885
2	6	0.004573	0.004573
将軍家	2	0.001524	0.004572
菊亭	2	0.001524	0.004572
同志社大学	2	0.001524	0.004572
面し	2	0.001524	0.004572
居所	2	0.001524	0.004572
北小路室	2	0.001524	0.004572
坊門	2	0.001524	0.004572
献上	2	0.001524	0.004572
造営	2	0.001524	0.004572
1394	2	0.001524	0.004572
義教	2	0.001524	0.004572
義政	2	0.001524	0.004572
義輝	2	0.001524	0.004572
戦乱	2	0.001524	0.004572
応永	2	0.001524	0.004572
義稙	2	0.001524	0.004572
1568	2	0.001524	0.004572
併せ	2	0.001524	0.004113
三条	2	0.001524	0.004113
義	2	0.001524	0.004113
二	4	0.003049	0.003967
第	4	0.003049	0.003967
東西	2	0.001524	0.003838
建て	2	0.001524	0.003838
武家	2	0.001524	0.003838
材	2	0.001524	0.003838
禄	2	0.001524	0.003838
なっ	5	0.003811	0.003811
い	5	0.003811	0.003811
こと	5	0.003811	0.003811
も	5	0.003811	0.003811
より	5	0.003811	0.003811
あっ	5	0.003811	0.003811
-	5	0.003811	0.003811
焼失	2	0.001524	0.003654
文	2	0.001524	0.003507
氏	2	0.001524	0.003169
正	2	0.001524	0.003169
場所	2	0.001524	0.003111
のち	2	0.001524	0.003111
1	4	0.003049	0.003049
ため	4	0.003049	0.003049
[	4	0.003049	0.003049
]	4	0.003049	0.003049
E	4	0.003049	0.003049
思わ	2	0.001524	0.003048
江戸	2	0.001524	0.002978
られ	3	0.002287	0.002975
よう	3	0.002287	0.002975
事	2	0.001524	0.002710
名前	2	0.001524	0.002710
ここ	2	0.001524	0.002710
だけ	2	0.001524	0.002442
当時	2	0.001524	0.002442
編集	3	0.002287	0.002287
3	3	0.002287	0.002287
や	3	0.002287	0.002287
など	3	0.002287	0.002287
6	3	0.002287	0.002287
8	3	0.002287	0.002287
5	3	0.002287	0.002287
上杉本	1	0.000762	0.002286
陶	1	0.000762	0.002286
洛中	1	0.000762	0.002286
洛外	1	0.000762	0.002286
圖	1	0.000762	0.002286
アスニー	1	0.000762	0.002286
収蔵	1	0.000762	0.002286
上京	1	0.000762	0.002286
上立売	1	0.000762	0.002286
向かい側	1	0.000762	0.002286
寒梅	1	0.000762	0.002286
正門	1	0.000762	0.002286
後醍醐天皇	1	0.000762	0.002286
北朝	1	0.000762	0.002286
買上げ	1	0.000762	0.002286
別邸	1	0.000762	0.002286
1378	1	0.000762	0.002286
天授	1	0.000762	0.002286
1379	1	0.000762	0.002286
寝殿	1	0.000762	0.002286
1381	1	0.000762	0.002286
土御門	1	0.000762	0.002286
内裏	1	0.000762	0.002286
及ぶ	1	0.000762	0.002286
デモンストレーション	1	0.000762	0.002286
兼ね	1	0.000762	0.002286
鴨川	1	0.000762	0.002286
折々	1	0.000762	0.002286
花木	1	0.000762	0.002286
伝わり	1	0.000762	0.002286
円融天皇	1	0.000762	0.002286
嗣	1	0.000762	0.002286
招い	1	0.000762	0.002286
詩歌	1	0.000762	0.002286
蹴鞠	1	0.000762	0.002286
催し	1	0.000762	0.002286
譲る	1	0.000762	0.002286
新築	1	0.000762	0.002286
北山	1	0.000762	0.002286
鹿苑寺	1	0.000762	0.002286
不和	1	0.000762	0.002286
繰り返さ	1	0.000762	0.002286
1559	1	0.000762	0.002286
管領	1	0.000762	0.002286
斯波	1	0.000762	0.002286
衛	1	0.000762	0.002286
御苑	1	0.000762	0.002286
半分	1	0.000762	0.002286
諸国	1	0.000762	0.002286
もどり	1	0.000762	0.002286
手狭	1	0.000762	0.002286
小路	1	0.000762	0.002286
以北	1	0.000762	0.002286
広がり	1	0.000762	0.002286
辻	1	0.000762	0.002286
錦織	1	0.000762	0.002286
大通り	1	0.000762	0.002286
奥行き	1	0.000762	0.002286
浅い	1	0.000762	0.002286
町屋	1	0.000762	0.002286
度重なる	1	0.000762	0.002286
門跡	1	0.000762	0.002286
御所八幡	1	0.000762	0.002286
叔母	1	0.000762	0.002286
日野	1	0.000762	0.002286
宣子	1	0.000762	0.002286
一品	1	0.000762	0.002286
住まわ	1	0.000762	0.002286
征夷大将軍	1	0.000762	0.002286
応元	1	0.000762	0.002286
1338	1	0.000762	0.002286
尊氏	1	0.000762	0.002286
1358	1	0.000762	0.002286
応安	1	0.000762	0.002286
1368	1	0.000762	0.002286
1423	1	0.000762	0.002286
義量	1	0.000762	0.002286
1429	1	0.000762	0.002286
1442	1	0.000762	0.002286
義勝	1	0.000762	0.002286
1449	1	0.000762	0.002286
1473	1	0.000762	0.002286
義尚	1	0.000762	0.002286
延徳	1	0.000762	0.002286
1490	1	0.000762	0.002286
応	1	0.000762	0.002286
1494	1	0.000762	0.002286
義澄	1	0.000762	0.002286
1521	1	0.000762	0.002286
義晴	1	0.000762	0.002286
1546	1	0.000762	0.002286
義栄	1	0.000762	0.002286
義昭	1	0.000762	0.002286
年号	1	0.000762	0.002286
再任	1	0.000762	0.002286
市	2	0.001524	0.002251
なく	2	0.001524	0.002251
それ	2	0.001524	0.002251
その後	2	0.001524	0.002251
しょ	1	0.000762	0.002057
挟ん	1	0.000762	0.002057
以南	1	0.000762	0.002057
名残	1	0.000762	0.002057
呼称	1	0.000762	0.002057
後見	1	0.000762	0.002057
倉	1	0.000762	0.002057
住み	1	0.000762	0.002057
季	1	0.000762	0.002057
顕	1	0.000762	0.002057
永和	1	0.000762	0.002057
跡地	1	0.000762	0.002057
庭	1	0.000762	0.002057
引き	1	0.000762	0.002057
関白	1	0.000762	0.002057
戦火	1	0.000762	0.002057
小規模	1	0.000762	0.002057
安土	1	0.000762	0.002057
桃山	1	0.000762	0.002057
以東	1	0.000762	0.002057
商い	1	0.000762	0.002057
営む	1	0.000762	0.002057
町人	1	0.000762	0.002057
遺構	1	0.000762	0.002057
幾度	1	0.000762	0.002057
再興	1	0.000762	0.002057
尼	1	0.000762	0.002057
称さ	1	0.000762	0.002057
嘉吉	1	0.000762	0.002057
1508	1	0.000762	0.002057
なり	2	0.001524	0.001983
により	2	0.001524	0.001983
もの	2	0.001524	0.001983
11	2	0.001524	0.001983
描か	1	0.000762	0.001919
囲ま	1	0.000762	0.001919
広大	1	0.000762	0.001919
ちなん	1	0.000762	0.001919
称する	1	0.000762	0.001919
古く	1	0.000762	0.001919
開い	1	0.000762	0.001919
尊	1	0.000762	0.001919
住ん	1	0.000762	0.001919
しばらく	1	0.000762	0.001919
公	1	0.000762	0.001919
倍	1	0.000762	0.001919
守護	1	0.000762	0.001919
四季	1	0.000762	0.001919
配置	1	0.000762	0.001919
離れる	1	0.000762	0.001919
住む	1	0.000762	0.001919
応仁	1	0.000762	0.001919
再建	1	0.000762	0.001919
非難	1	0.000762	0.001919
見せる	1	0.000762	0.001919
消失	1	0.000762	0.001919
繰り返し	1	0.000762	0.001919
寺院	1	0.000762	0.001919
正室	1	0.000762	0.001919
延	1	0.000762	0.001919
文明	1	0.000762	0.001919
天文	1	0.000762	0.001919
山城	1	0.000762	0.001919
直	1	0.000762	0.001827
師	1	0.000762	0.001827
移る	1	0.000762	0.001827
残る	1	0.000762	0.001827
暦	1	0.000762	0.001827
安	1	0.000762	0.001827
はな	1	0.000762	0.001753
現存	1	0.000762	0.001753
更に	1	0.000762	0.001753
用語	1	0.000762	0.001753
由来	1	0.000762	0.001753
大名	1	0.000762	0.001753
死後	1	0.000762	0.001753
長く	1	0.000762	0.001753
乱	1	0.000762	0.001753
始める	1	0.000762	0.001753
建物	1	0.000762	0.001753
中期	1	0.000762	0.001680
ちなみに	1	0.000762	0.001680
移住	1	0.000762	0.001680
息子	1	0.000762	0.001680
終わり	1	0.000762	0.001680
南部	1	0.000762	0.001680
隣接	1	0.000762	0.001680
明	1	0.000762	0.001680
有する	1	0.000762	0.001635
校	1	0.000762	0.001635
すなわち	1	0.000762	0.001635
朝	1	0.000762	0.001635
作ら	1	0.000762	0.001635
職	1	0.000762	0.001635
裏	1	0.000762	0.001635
残っ	1	0.000762	0.001635
区	1	0.000762	0.001584
設け	1	0.000762	0.001584
対立	1	0.000762	0.001584
近く	1	0.000762	0.001584
各地	1	0.000762	0.001584
武	1	0.000762	0.001584
移転	1	0.000762	0.001584
始め	1	0.000762	0.001556
ほぼ	1	0.000762	0.001556
就任	1	0.000762	0.001556
AE	1	0.000762	0.001556
『	2	0.001524	0.001524
』	2	0.001524	0.001524
な	2	0.001524	0.001524
として	2	0.001524	0.001524
4	2	0.001524	0.001524
/	2	0.001524	0.001524
.	2	0.001524	0.001524
A	2	0.001524	0.001524
|	2	0.001524	0.001524
沿革	1	0.000762	0.001524
何	1	0.000762	0.001524
設立	1	0.000762	0.001524
与え	1	0.000762	0.001524
通称	1	0.000762	0.001489
使わ	1	0.000762	0.001489
ながら	1	0.000762	0.001489
形成	1	0.000762	0.001489
※	1	0.000762	0.001489
完成	1	0.000762	0.001450
規模	1	0.000762	0.001450
ただし	1	0.000762	0.001450
位置	1	0.000762	0.001406
廃止	1	0.000762	0.001406
北	1	0.000762	0.001406
たち	1	0.000762	0.001406
かつて	1	0.000762	0.001406
BE	1	0.000762	0.001406
ご	1	0.000762	0.001355
つ	1	0.000762	0.001355
館	1	0.000762	0.001355
に対する	1	0.000762	0.001355
水	1	0.000762	0.001355
現	1	0.000762	0.001355
頃	1	0.000762	0.001355
版	1	0.000762	0.001295
高	1	0.000762	0.001295
でも	1	0.000762	0.001295
社会	1	0.000762	0.001295
度	1	0.000762	0.001295
長	1	0.000762	0.001295
会	1	0.000762	0.001221
隠す	1	0.000762	0.001221
81	1	0.000762	0.001221
89	1	0.000762	0.001221
80	1	0.000762	0.001221
地	1	0.000762	0.001126
場合	1	0.000762	0.001126
関係	1	0.000762	0.001126
か	1	0.000762	0.001126
13	1	0.000762	0.001126
三	1	0.000762	0.001126
および	1	0.000762	0.001126
元	1	0.000762	0.001126
せ	1	0.000762	0.001126
30	1	0.000762	0.001126
15	1	0.000762	0.001126
国	1	0.000762	0.001126
歴史	1	0.000762	0.001126
一	1	0.000762	0.000991
これ	1	0.000762	0.000991
使用	1	0.000762	0.000991
まで	1	0.000762	0.000991
表	1	0.000762	0.000991
話	1	0.000762	0.000991
編	1	0.000762	0.000991
歴	1	0.000762	0.000991
10	1	0.000762	0.000991
大	1	0.000762	0.000991
前	1	0.000762	0.000991
出典	1	0.000762	0.000762
フリー	1	0.000762	0.000762
百科	1	0.000762	0.000762
事典	1	0.000762	0.000762
ウィキペディア	1	0.000762	0.000762
Wikipedia	1	0.000762	0.000762
移動	1	0.000762	0.000762
ナビゲーション	1	0.000762	0.000762
,	1	0.000762	0.000762
検索	1	0.000762	0.000762
この	1	0.000762	0.000762
あり	1	0.000762	0.000762
いる	1	0.000762	0.000762
また	1	0.000762	0.000762
その	1	0.000762	0.000762
後	1	0.000762	0.000762
へ	1	0.000762	0.000762
ない	1	0.000762	0.000762
関連	1	0.000762	0.000762
項目	1	0.000762	0.000762
http	1	0.000762	0.000762
://	1	0.000762	0.000762
ja	1	0.000762	0.000762
wikipedia	1	0.000762	0.000762
org	1	0.000762	0.000762
wiki	1	0.000762	0.000762
/%	1	0.000762	0.000762
B	1	0.000762	0.000762
作成	1	0.000762	0.000762
カテゴリ	1	0.000762	0.000762
