オフィス	16	0.025157	0.075471
サービス	12	0.018868	0.043416
%	23	0.036164	0.036164
。	21	0.033019	0.033019
貸し	8	0.012579	0.031680
の	20	0.031447	0.031447
に	17	0.026730	0.026730
が	17	0.026730	0.026730
レンタル	6	0.009434	0.025462
事	9	0.014151	0.025163
を	13	0.020440	0.020440
、	12	0.018868	0.018868
も	12	0.018868	0.018868
借りる	4	0.006289	0.018867
事務所	5	0.007862	0.017329
で	11	0.017296	0.017296
3	11	0.017296	0.017296
て	11	0.017296	0.017296
机	4	0.006289	0.016974
形	5	0.007862	0.014506
マンション	3	0.004717	0.014151
サービスアパートメント	3	0.004717	0.014151
電話	3	0.004717	0.014151
等	6	0.009434	0.013935
できる	6	0.009434	0.013935
多い	5	0.007862	0.012595
E	8	0.012579	0.012579
いる	7	0.011006	0.011006
イニシャル	2	0.003145	0.009435
バーチャル	2	0.003145	0.009435
入居	2	0.003145	0.009435
グレード	2	0.003145	0.009435
住所	2	0.003145	0.009435
貸す	2	0.003145	0.009435
[	6	0.009434	0.009434
]	6	0.009434	0.009434
ある	6	0.009434	0.009434
し	6	0.009434	0.009434
IT	2	0.003145	0.008488
契約	2	0.003145	0.008488
顧客	2	0.003145	0.008488
　	4	0.006289	0.008182
備え	2	0.003145	0.007921
コスト	2	0.003145	0.007921
大手	2	0.003145	0.007921
編集	5	0.007862	0.007862
や	5	0.007862	0.007862
部屋	2	0.003145	0.007542
会議	2	0.003145	0.007542
出さ	2	0.003145	0.007542
ビジネス	2	0.003145	0.007542
低い	2	0.003145	0.007237
作業	2	0.003145	0.007237
時間	3	0.004717	0.006968
スペース	2	0.003145	0.006750
室	2	0.003145	0.006750
提供	2	0.003145	0.006539
会社	2	0.003145	0.006539
ので	2	0.003145	0.006539
／	2	0.003145	0.006420
プロジェクト	2	0.003145	0.006420
物	2	0.003145	0.006290
は	4	0.006289	0.006289
・	4	0.006289	0.006289
として	4	0.006289	0.006289
ない	4	0.006289	0.006289
83	4	0.006289	0.006289
82	4	0.006289	0.006289
一般	2	0.003145	0.005343
東京	2	0.003145	0.005343
万	2	0.003145	0.005343
利用	2	0.003145	0.005038
一部	2	0.003145	0.005038
:	3	0.004717	0.004717
と	3	0.004717	0.004717
な	3	0.004717	0.004717
的	3	0.004717	0.004717
イス	1	0.001572	0.004716
自前	1	0.001572	0.004716
賃貸借	1	0.001572	0.004716
課金	1	0.001572	0.004716
いろいろ	1	0.001572	0.004716
間貸し	1	0.001572	0.004716
月極	1	0.001572	0.004716
いくら	1	0.001572	0.004716
千差万別	1	0.001572	0.004716
登記	1	0.001572	0.004716
税務署	1	0.001572	0.004716
脱税	1	0.001572	0.004716
モバイラー	1	0.001572	0.004716
向き	1	0.001572	0.004716
タッチダウンオフィス	1	0.001572	0.004716
スケジュール	1	0.001572	0.004716
むい	1	0.001572	0.004716
うるさい	1	0.001572	0.004716
風潮	1	0.001572	0.004716
サテライト	1	0.001572	0.004716
ふえ	1	0.001572	0.004716
貸与	1	0.001572	0.004716
転送	1	0.001572	0.004716
応対	1	0.001572	0.004716
まるで	1	0.001572	0.004716
かかわら	1	0.001572	0.004716
迅速	1	0.001572	0.004716
うたがわ	1	0.001572	0.004716
ベンダー	1	0.001572	0.004716
すむ	1	0.001572	0.004716
兼用	1	0.001572	0.004716
賃料	1	0.001572	0.004716
私設	1	0.001572	0.004716
私書箱	1	0.001572	0.004716
ビューロー	1	0.001572	0.004716
コンビニ	1	0.001572	0.004716
シェアードオフィス	1	0.001572	0.004716
シェアリング	1	0.001572	0.004716
コーポラティブオフィス	1	0.001572	0.004716
インキュベーションオフィス	1	0.001572	0.004716
執務	1	0.001572	0.004243
インフラ	1	0.001572	0.004243
オーナー	1	0.001572	0.004243
貸	1	0.001572	0.004243
起業	1	0.001572	0.004243
都内	1	0.001572	0.004243
費用	1	0.001572	0.004243
使う	1	0.001572	0.004243
にあたって	1	0.001572	0.004243
パソコン	1	0.001572	0.004243
持ち込ん	1	0.001572	0.004243
メール	1	0.001572	0.004243
チェック	1	0.001572	0.004243
充実	1	0.001572	0.004243
個人	1	0.001572	0.004243
PR	1	0.001572	0.004243
都心	1	0.001572	0.004243
開き	1	0.001572	0.004243
珍しく	1	0.001572	0.004243
代行	1	0.001572	0.004243
ルーム	1	0.001572	0.004243
一	2	0.003145	0.004092
によって	2	0.003145	0.004092
よう	2	0.003145	0.004092
空間	1	0.001572	0.003959
ビル	1	0.001572	0.003959
総称	1	0.001572	0.003959
届	1	0.001572	0.003959
調整	1	0.001572	0.003959
地図	1	0.001572	0.003959
設備	1	0.001572	0.003959
昨今	1	0.001572	0.003959
配慮	1	0.001572	0.003959
郵便	1	0.001572	0.003959
駆使	1	0.001572	0.003959
住居	1	0.001572	0.003959
スペック	1	0.001572	0.003959
結ん	1	0.001572	0.003770
分類	1	0.001572	0.003770
ひとつ	1	0.001572	0.003770
しろ	1	0.001572	0.003770
いけ	1	0.001572	0.003770
事務	1	0.001572	0.003770
機器	1	0.001572	0.003770
普段	1	0.001572	0.003770
訪問	1	0.001572	0.003770
先	1	0.001572	0.003770
番号	1	0.001572	0.003770
対外	1	0.001572	0.003770
こう	1	0.001572	0.003770
中小	1	0.001572	0.003770
登録	1	0.001572	0.003770
業務	1	0.001572	0.003617
箇所	1	0.001572	0.003617
広	1	0.001572	0.003617
あたる	1	0.001572	0.003617
メーカー	1	0.001572	0.003617
出来る	1	0.001572	0.003617
確認	1	0.001572	0.003617
300	1	0.001572	0.003617
違い	1	0.001572	0.003465
いずれ	1	0.001572	0.003465
開設	1	0.001572	0.003465
使っ	1	0.001572	0.003465
そこ	1	0.001572	0.003465
北海道	1	0.001572	0.003465
九州	1	0.001572	0.003465
ヶ月	1	0.001572	0.003465
タイプ	1	0.001572	0.003374
しまう	1	0.001572	0.003374
企業	1	0.001572	0.003374
カバー	1	0.001572	0.003374
方法	1	0.001572	0.003268
番	1	0.001572	0.003268
近い	1	0.001572	0.003268
対応	1	0.001572	0.003268
デザイン	1	0.001572	0.003268
建築	1	0.001572	0.003268
期	1	0.001572	0.003209
期間	1	0.001572	0.003209
開業	1	0.001572	0.003209
法人	1	0.001572	0.003209
といった	1	0.001572	0.003209
程度	1	0.001572	0.003209
（	2	0.003145	0.003145
）	2	0.003145	0.003145
1	2	0.003145	0.003145
た	2	0.003145	0.003145
から	2	0.003145	0.003145
より	2	0.003145	0.003145
関連	2	0.003145	0.003145
項目	2	0.003145	0.003145
する	2	0.003145	0.003145
さ	2	0.003145	0.003145
れる	2	0.003145	0.003145
こと	2	0.003145	0.003145
.	2	0.003145	0.003145
B	2	0.003145	0.003145
様々	1	0.001572	0.003144
いっ	1	0.001572	0.003144
ところ	1	0.001572	0.003072
保護	1	0.001572	0.003072
使わ	1	0.001572	0.003072
ほとんど	1	0.001572	0.003072
BF	1	0.001572	0.003072
規模	1	0.001572	0.002992
以上	1	0.001572	0.002900
センター	1	0.001572	0.002900
事業	1	0.001572	0.002900
100	1	0.001572	0.002795
所在地	1	0.001572	0.002795
所	1	0.001572	0.002671
AC	1	0.001572	0.002671
AB	1	0.001572	0.002671
AA	1	0.001572	0.002671
95	1	0.001572	0.002671
必要	1	0.001572	0.002518
行う	1	0.001572	0.002518
情報	1	0.001572	0.002518
部	1	0.001572	0.002518
なく	1	0.001572	0.002322
か	1	0.001572	0.002322
場合	1	0.001572	0.002322
という	1	0.001572	0.002045
だ	1	0.001572	0.002045
ず	1	0.001572	0.002045
20	1	0.001572	0.002045
出典	1	0.001572	0.001572
フリー	1	0.001572	0.001572
百科	1	0.001572	0.001572
事典	1	0.001572	0.001572
『	1	0.001572	0.001572
ウィキペディア	1	0.001572	0.001572
Wikipedia	1	0.001572	0.001572
』	1	0.001572	0.001572
移動	1	0.001572	0.001572
ナビゲーション	1	0.001572	0.001572
,	1	0.001572	0.001572
検索	1	0.001572	0.001572
など	1	0.001572	0.001572
ため	1	0.001572	0.001572
目次	1	0.001572	0.001572
非	1	0.001572	0.001572
表示	1	0.001572	0.001572
2	1	0.001572	0.001572
4	1	0.001572	0.001572
5	1	0.001572	0.001572
なっ	1	0.001572	0.001572
「	1	0.001572	0.001572
http	1	0.001572	0.001572
://	1	0.001572	0.001572
ja	1	0.001572	0.001572
wikipedia	1	0.001572	0.001572
org	1	0.001572	0.001572
/	1	0.001572	0.001572
wiki	1	0.001572	0.001572
/%	1	0.001572	0.001572
A	1	0.001572	0.001572
9	1	0.001572	0.001572
」	1	0.001572	0.001572
作成	1	0.001572	0.001572
カテゴリ	1	0.001572	0.001572
