佐多岬	25	0.017519	0.047283
の	53	0.037141	0.037141
、	44	0.030834	0.030834
料金	14	0.009811	0.026480
道路	16	0.011212	0.024062
ロード	11	0.007708	0.020804
パーク	11	0.007708	0.019413
を	27	0.018921	0.018921
町	15	0.010512	0.018692
が	26	0.018220	0.018220
%	26	0.018220	0.018220
て	25	0.017519	0.017519
鹿児島	12	0.008409	0.017484
は	24	0.016819	0.016819
に	24	0.016819	0.016819
大隅	8	0.005606	0.016818
岩崎	8	0.005606	0.016818
南	10	0.007008	0.013337
し	19	0.013315	0.013315
[	19	0.013315	0.013315
年	19	0.013315	0.013315
所	11	0.007708	0.013096
入園	6	0.004205	0.012615
円	8	0.005606	0.012031
た	17	0.011913	0.011913
。	17	0.011913	0.011913
無料	6	0.004205	0.010590
と	15	0.010512	0.010512
]。	9	0.006307	0.010104
料	6	0.004205	0.010083
から	14	0.009811	0.009811
で	14	0.009811	0.009811
2	14	0.009811	0.009811
通行	5	0.003504	0.008825
観光	6	0.004205	0.008743
さ	12	0.008409	0.008409
れ	12	0.008409	0.008409
3	12	0.008409	0.008409
4	12	0.008409	0.008409
展望	5	0.003504	0.008402
第	9	0.006307	0.008206
ある	11	0.007708	0.007708
いる	11	0.007708	0.007708
月	11	0.007708	0.007708
集落	4	0.002803	0.007565
朝日新聞	4	0.002803	0.007565
公園	5	0.003504	0.007520
グループ	5	0.003504	0.007520
まで	8	0.005606	0.007294
.^	7	0.004905	0.007245
1	10	0.007008	0.007008
]	10	0.007008	0.007008
先	4	0.002803	0.006721
道	5	0.003504	0.006465
台	5	0.003504	0.006465
県	7	0.004905	0.006382
（	9	0.006307	0.006307
）	9	0.006307	0.006307
E	9	0.006307	0.006307
徴収	3	0.002102	0.006306
佐多	3	0.002102	0.006306
田尻	3	0.002102	0.006306
途中	4	0.002803	0.006178
線	5	0.003504	0.005953
駐車	3	0.002102	0.005673
5	8	0.005606	0.005606
編集	8	0.005606	0.005606
する	8	0.005606	0.005606
日	8	0.005606	0.005606
「	8	0.005606	0.005606
」	8	0.005606	0.005606
/	8	0.005606	0.005606
休止	3	0.002102	0.005294
号	5	0.003504	0.005176
2004	5	0.003504	0.005176
開通	3	0.002102	0.005040
31	4	0.002803	0.004984
面	4	0.002803	0.004984
い	7	0.004905	0.004905
万	4	0.002803	0.004762
約	4	0.002803	0.004762
版	4	0.002803	0.004762
必要	4	0.002803	0.004491
場	4	0.002803	0.004491
付近	3	0.002102	0.004291
566	2	0.001402	0.004206
大泊	2	0.001402	0.004206
投資	2	0.001402	0.004206
車線	2	0.001402	0.004206
たで	2	0.001402	0.004206
遊歩道	2	0.001402	0.004206
なっ	6	0.004205	0.004205
自動車	3	0.002102	0.004204
2007	4	0.002803	0.004140
年間	3	0.002102	0.004108
側	3	0.002102	0.003878
株式会社	2	0.001402	0.003784
移管	2	0.001402	0.003784
今後	2	0.001402	0.003784
頃	3	0.002102	0.003738
km	3	0.002102	0.003738
ここ	3	0.002102	0.003738
おり	4	0.002803	0.003647
2005	3	0.002102	0.003571
運輸	2	0.001402	0.003531
申請	2	0.001402	0.003531
譲渡	2	0.001402	0.003531
終点	2	0.001402	0.003531
新聞	2	0.001402	0.003531
:	5	0.003504	0.003504
6	5	0.003504	0.003504
7	5	0.003504	0.003504
も	5	0.003504	0.003504
など	5	0.003504	0.003504
.	5	0.003504	0.003504
83	5	0.003504	0.003504
行わ	3	0.002102	0.003368
開放	2	0.001402	0.003362
大人	2	0.001402	0.003362
区間	2	0.001402	0.003226
トンネル	2	0.001402	0.003226
発着	2	0.001402	0.003226
歴史	3	0.002102	0.003105
地	3	0.002102	0.003105
その後	3	0.002102	0.003105
九州	2	0.001402	0.003090
地元	2	0.001402	0.003090
徒歩	2	0.001402	0.003090
減少	2	0.001402	0.003009
車	2	0.001402	0.002915
00	2	0.001402	0.002915
写真	2	0.001402	0.002862
建設	2	0.001402	0.002862
状態	2	0.001402	0.002862
開発	2	0.001402	0.002804
示す	2	0.001402	0.002804
子供	2	0.001402	0.002804
ない	4	0.002803	0.002803
へ	4	0.002803	0.002803
として	4	0.002803	0.002803
あり	4	0.002803	0.002803
管理	2	0.001402	0.002740
により	3	0.002102	0.002735
10	3	0.002102	0.002735
生活	2	0.001402	0.002587
以上	2	0.001402	0.002587
その他	2	0.001402	0.002382
文献	2	0.001402	0.002382
局	2	0.001402	0.002382
26	2	0.001402	0.002382
施設	2	0.001402	0.002382
可能	2	0.001402	0.002382
28	2	0.001402	0.002382
概要	2	0.001402	0.002246
脚注	2	0.001402	0.002246
参考	2	0.001402	0.002246
だけ	2	0.001402	0.002246
利用	2	0.001402	0.002246
内	2	0.001402	0.002246
一部	2	0.001402	0.002246
一覧	2	0.001402	0.002246
BC	2	0.001402	0.002246
みさき	1	0.000701	0.002103
鹿屋	1	0.000701	0.002103
吾平	1	0.000701	0.002103
最南端	1	0.000701	0.002103
たどりつけ	1	0.000701	0.002103
歳月	1	0.000701	0.002103
工費	1	0.000701	0.002103
7000	1	0.000701	0.002103
費やし	1	0.000701	0.002103
私有	1	0.000701	0.002103
路面	1	0.000701	0.002103
補修	1	0.000701	0.002103
滞る	1	0.000701	0.002103
当面	1	0.000701	0.002103
別途	1	0.000701	0.002103
無償	1	0.000701	0.002103
多額	1	0.000701	0.002103
委譲	1	0.000701	0.002103
おおむね	1	0.000701	0.002103
対向	1	0.000701	0.002103
海水浴	1	0.000701	0.002103
開園	1	0.000701	0.002103
連休	1	0.000701	0.002103
変動	1	0.000701	0.002103
到着	1	0.000701	0.002103
税込	1	0.000701	0.002103
105	1	0.000701	0.002103
御崎	1	0.000701	0.002103
レストハウス	1	0.000701	0.002103
水洗トイレ	1	0.000701	0.002103
善後	1	0.000701	0.002103
踏面	1	0.000701	0.002103
引き続き	1	0.000701	0.002103
いわさき	1	0.000701	0.002103
会合	1	0.000701	0.002103
野田	1	0.000701	0.002103
千尋	1	0.000701	0.002103
渕上	1	0.000701	0.002103
pp	1	0.000701	0.002103
懐かし	1	0.000701	0.002103
ギャラリー	1	0.000701	0.002103
Road	1	0.000701	0.002103
Cape	1	0.000701	0.002103
Sata	1	0.000701	0.002103
休業	1	0.000701	0.002103
揺れ	1	0.000701	0.002103
『	3	0.002102	0.002102
』	3	0.002102	0.002102
8	3	0.002102	0.002102
こと	3	0.002102	0.002102
や	3	0.002102	0.002102
人	3	0.002102	0.002102
|	3	0.002102	0.002102
-	3	0.002102	0.002102
なく	2	0.001402	0.002071
について	2	0.001402	0.002071
時間	2	0.001402	0.002071
化	2	0.001402	0.002071
既に	1	0.000701	0.001892
左側	1	0.000701	0.001892
県道	1	0.000701	0.001892
本土	1	0.000701	0.001892
錦江湾	1	0.000701	0.001892
通じる	1	0.000701	0.001892
に際して	1	0.000701	0.001892
共有	1	0.000701	0.001892
転じ	1	0.000701	0.001892
検討	1	0.000701	0.001892
維持	1	0.000701	0.001892
観点	1	0.000701	0.001892
平方メートル	1	0.000701	0.001892
経費	1	0.000701	0.001892
一帯	1	0.000701	0.001892
意向	1	0.000701	0.001892
標識	1	0.000701	0.001892
通っ	1	0.000701	0.001892
中学生	1	0.000701	0.001892
幼児	1	0.000701	0.001892
証明	1	0.000701	0.001892
売店	1	0.000701	0.001892
支所	1	0.000701	0.001892
策	1	0.000701	0.001892
許可	1	0.000701	0.001892
印刷	1	0.000701	0.001892
ホームページ	1	0.000701	0.001892
フォト	1	0.000701	0.001892
なる	2	0.001402	0.001824
外部	2	0.001402	0.001824
使用	2	0.001402	0.001824
現在	2	0.001402	0.001824
68	1	0.000701	0.001765
並行	1	0.000701	0.001765
合流	1	0.000701	0.001765
有料	1	0.000701	0.001765
振興	1	0.000701	0.001765
合計	1	0.000701	0.001765
土地	1	0.000701	0.001765
方針	1	0.000701	0.001765
厳しい	1	0.000701	0.001765
示し	1	0.000701	0.001765
待機	1	0.000701	0.001765
800	1	0.000701	0.001765
季節	1	0.000701	0.001765
入手	1	0.000701	0.001765
町長	1	0.000701	0.001765
要請	1	0.000701	0.001765
d	1	0.000701	0.001765
可	1	0.000701	0.001765
101	1	0.000701	0.001765
記	1	0.000701	0.001765
放棄	1	0.000701	0.001681
結ぶ	1	0.000701	0.001681
役割	1	0.000701	0.001681
協議	1	0.000701	0.001681
運営	1	0.000701	0.001681
続ける	1	0.000701	0.001681
改善	1	0.000701	0.001681
起点	1	0.000701	0.001681
窓口	1	0.000701	0.001681
メートル	1	0.000701	0.001681
経路	1	0.000701	0.001681
小学生	1	0.000701	0.001681
150	1	0.000701	0.001681
小学	1	0.000701	0.001681
往復	1	0.000701	0.001681
ヘルプ	1	0.000701	0.001681
p	1	0.000701	0.001681
b	1	0.000701	0.001681
c	1	0.000701	0.001681
to	1	0.000701	0.001681
訪問	1	0.000701	0.001681
][	1	0.000701	0.001613
にとって	1	0.000701	0.001613
ピーク	1	0.000701	0.001613
作業	1	0.000701	0.001613
有	1	0.000701	0.001613
行政	1	0.000701	0.001613
300	1	0.000701	0.001613
崩壊	1	0.000701	0.001613
継続	1	0.000701	0.001613
提出	1	0.000701	0.001613
1976	1	0.000701	0.001613
さまざま	1	0.000701	0.001545
展開	1	0.000701	0.001545
億	1	0.000701	0.001545
1963	1	0.000701	0.001545
交換	1	0.000701	0.001545
規制	1	0.000701	0.001545
船	1	0.000701	0.001545
通過	1	0.000701	0.001545
いく	1	0.000701	0.001545
なけれ	1	0.000701	0.001504
取得	1	0.000701	0.001504
北緯	1	0.000701	0.001504
立て	1	0.000701	0.001504
発行	1	0.000701	0.001504
神社	1	0.000701	0.001504
98	1	0.000701	0.001504
38	1	0.000701	0.001458
提供	1	0.000701	0.001458
国立	1	0.000701	0.001458
全長	1	0.000701	0.001458
整備	1	0.000701	0.001458
普通	1	0.000701	0.001458
紹介	1	0.000701	0.001458
量	1	0.000701	0.001431
始め	1	0.000701	0.001431
実際	1	0.000701	0.001431
a	1	0.000701	0.001431
BD	1	0.000701	0.001431
移動	2	0.001402	0.001402
,	2	0.001402	0.001402
この	2	0.001402	0.001402
関連	2	0.001402	0.001402
項目	2	0.001402	0.001402
リンク	2	0.001402	0.001402
な	2	0.001402	0.001402
より	2	0.001402	0.001402
9	2	0.001402	0.001402
・	2	0.001402	0.001402
日本	2	0.001402	0.001402
A	2	0.001402	0.001402
計画	1	0.000701	0.001402
200	1	0.000701	0.001402
時期	1	0.000701	0.001402
000	1	0.000701	0.001402
伴い	1	0.000701	0.001402
91	1	0.000701	0.001402
使わ	1	0.000701	0.001370
周辺	1	0.000701	0.001370
総	1	0.000701	0.001370
1973	1	0.000701	0.001370
※	1	0.000701	0.001370
50	1	0.000701	0.001370
99	1	0.000701	0.001370
35	1	0.000701	0.001370
たい	1	0.000701	0.001334
ただし	1	0.000701	0.001334
書	1	0.000701	0.001334
うち	1	0.000701	0.001334
営業	1	0.000701	0.001334
事業	1	0.000701	0.001293
目的	1	0.000701	0.001293
さらに	1	0.000701	0.001293
平成	1	0.000701	0.001293
廃止	1	0.000701	0.001293
AF	1	0.000701	0.001293
旧	1	0.000701	0.001246
100	1	0.000701	0.001246
問題	1	0.000701	0.001246
行っ	1	0.000701	0.001191
中心	1	0.000701	0.001191
ほか	1	0.000701	0.001191
度	1	0.000701	0.001191
年生	1	0.000701	0.001191
19	1	0.000701	0.001191
17	1	0.000701	0.001191
または	1	0.000701	0.001191
地方	1	0.000701	0.001191
AC	1	0.000701	0.001191
一般	1	0.000701	0.001191
昭和	1	0.000701	0.001123
本	1	0.000701	0.001123
2008	1	0.000701	0.001123
〜	1	0.000701	0.001123
当時	1	0.000701	0.001123
90	1	0.000701	0.001123
AD	1	0.000701	0.001123
89	1	0.000701	0.001123
ば	1	0.000701	0.001035
しかし	1	0.000701	0.001035
等	1	0.000701	0.001035
できる	1	0.000701	0.001035
存在	1	0.000701	0.001035
および	1	0.000701	0.001035
場合	1	0.000701	0.001035
30	1	0.000701	0.001035
15	1	0.000701	0.001035
せ	1	0.000701	0.001035
協力	1	0.000701	0.000912
なり	1	0.000701	0.000912
これ	1	0.000701	0.000912
よう	1	0.000701	0.000912
による	1	0.000701	0.000912
中	1	0.000701	0.000912
られ	1	0.000701	0.000912
二	1	0.000701	0.000912
によって	1	0.000701	0.000912
もの	1	0.000701	0.000912
ず	1	0.000701	0.000912
出典	1	0.000701	0.000701
フリー	1	0.000701	0.000701
百科	1	0.000701	0.000701
事典	1	0.000701	0.000701
ウィキペディア	1	0.000701	0.000701
Wikipedia	1	0.000701	0.000701
ナビゲーション	1	0.000701	0.000701
検索	1	0.000701	0.000701
目次	1	0.000701	0.000701
非	1	0.000701	0.000701
表示	1	0.000701	0.000701
ため	1	0.000701	0.000701
その	1	0.000701	0.000701
あっ	1	0.000701	0.000701
者	1	0.000701	0.000701
http	1	0.000701	0.000701
://	1	0.000701	0.000701
ja	1	0.000701	0.000701
wikipedia	1	0.000701	0.000701
org	1	0.000701	0.000701
wiki	1	0.000701	0.000701
/%	1	0.000701	0.000701
B	1	0.000701	0.000701
82	1	0.000701	0.000701
作成	1	0.000701	0.000701
カテゴリ	1	0.000701	0.000701
