五十嵐	25	0.024062	0.072186
漫画	30	0.028874	0.063642
作品	33	0.031761	0.050883
月刊	19	0.018287	0.043851
大介	11	0.010587	0.031761
アフタヌーン	11	0.010587	0.031761
優秀	9	0.008662	0.025986
IKKI	9	0.008662	0.025986
魔女	9	0.008662	0.023378
海獣	8	0.007700	0.023100
描い	8	0.007700	0.023100
し	23	0.022137	0.022137
文化庁	8	0.007700	0.020782
講談社	9	0.008662	0.020771
2	21	0.020212	0.020212
マンガ	7	0.006737	0.020211
メディア	8	0.007700	0.019393
月	20	0.019249	0.019249
芸術	8	0.007700	0.018464
黒田	7	0.006737	0.018183
2005	11	0.010587	0.017987
子供	8	0.007700	0.015400
はなし	5	0.004812	0.014436
リトル・フォレスト	5	0.004812	0.014436
島田	5	0.004812	0.014436
一志	5	0.004812	0.014436
vol	5	0.004812	0.014436
2007	9	0.008662	0.012795
3	12	0.011550	0.011550
少女	4	0.003850	0.011550
タマシイ	4	0.003850	0.011550
ボールペン	4	0.003850	0.011550
2004	8	0.007700	0.011374
部門	5	0.004812	0.010606
4	11	0.010587	0.010587
ト	4	0.003850	0.010391
び	4	0.003850	0.010391
人物	7	0.006737	0.009951
描き	4	0.003850	0.009696
四季	4	0.003850	0.009696
8	10	0.009625	0.009625
5	10	0.009625	0.009625
さ	10	0.009625	0.009625
日本	9	0.008662	0.008662
1	9	0.008662	0.008662
6	9	0.008662	0.008662
諸星	3	0.002887	0.008661
茄子	3	0.002887	0.008661
エソラ	3	0.002887	0.008661
Vol	3	0.002887	0.007792
自然	4	0.003850	0.007700
1993	4	0.003850	0.007524
作風	3	0.002887	0.007271
短編	3	0.002887	0.007271
語っ	3	0.002887	0.007271
ブログ	3	0.002887	0.007271
大学	4	0.003850	0.007104
よれ	3	0.002887	0.006923
舞台	3	0.002887	0.006923
冬	3	0.002887	0.006643
2002	4	0.003850	0.006541
1969	3	0.002887	0.006196
2003	4	0.003850	0.006168
38	3	0.002887	0.006003
挙げ	3	0.002887	0.006003
シリーズ	3	0.002887	0.005894
押井	2	0.001925	0.005775
守	2	0.001925	0.005775
ペン	2	0.001925	0.005775
囃子	2	0.001925	0.005775
聞こえる	2	0.001925	0.005775
大宮	2	0.001925	0.005775
主題	2	0.001925	0.005775
読ん	2	0.001925	0.005775
手塚	2	0.001925	0.005775
治虫	2	0.001925	0.005775
びと	2	0.001925	0.005775
既刊	2	0.001925	0.005775
カボチャ	2	0.001925	0.005775
琉花	2	0.001925	0.005775
パナ	2	0.001925	0.005775
le	2	0.001925	0.005775
アンダルシア	2	0.001925	0.005775
Mhz	2	0.001925	0.005775
ファイブ	2	0.001925	0.005775
幽	2	0.001925	0.005775
飛鳥新社	2	0.001925	0.005775
漆原	2	0.001925	0.005775
友紀	2	0.001925	0.005775
木地	2	0.001925	0.005775
映子	2	0.001925	0.005775
クラブハウス	2	0.001925	0.005775
156	2	0.001925	0.005775
STUDIO	2	0.001925	0.005775
CELLO	2	0.001925	0.005775
プラザ	2	0.001925	0.005775
プロファイル	2	0.001925	0.005775
協会	3	0.002887	0.005774
雑誌	3	0.002887	0.005774
13	4	0.003850	0.005687
受け	4	0.003850	0.005687
自身	3	0.002887	0.005327
女性	3	0.002887	0.005327
青年	2	0.001925	0.005196
埼玉	2	0.001925	0.005196
盛岡	2	0.001925	0.005196
描く	2	0.001925	0.005196
中学生	2	0.001925	0.005196
河出書房新社	2	0.001925	0.005196
風景	2	0.001925	0.005196
うた	2	0.001925	0.005196
水族館	2	0.001925	0.005196
硫黄	2	0.001925	0.005196
友人	2	0.001925	0.005196
138	2	0.001925	0.005196
12	4	0.003850	0.005009
来歴	2	0.001925	0.004848
大賞	2	0.001925	0.004848
描か	2	0.001925	0.004848
不思議	2	0.001925	0.004848
コミック	2	0.001925	0.004848
マガジン	2	0.001925	0.004848
雅	2	0.001925	0.004848
マイナー	2	0.001925	0.004848
イラスト	2	0.001925	0.004848
する	5	0.004812	0.004812
7	5	0.004812	0.004812
E	5	0.004812	0.004812
好き	2	0.001925	0.004616
東北	2	0.001925	0.004616
猫	2	0.001925	0.004429
アニメ	2	0.001925	0.004429
世界	3	0.002887	0.004264
使っ	2	0.001925	0.004243
アジア	2	0.001925	0.004243
リスト	2	0.001925	0.004131
言う	2	0.001925	0.004131
少年	2	0.001925	0.004131
・	3	0.002887	0.003756
10	3	0.002887	0.003756
いう	2	0.001925	0.003552
1996	2	0.001925	0.003552
国際	2	0.001925	0.003552
夏	2	0.001925	0.003552
1998	2	0.001925	0.003423
文化	2	0.001925	0.003271
2006	2	0.001925	0.003271
公式	2	0.001925	0.003271
出身	2	0.001925	0.003084
2008	2	0.001925	0.003084
出典	3	0.002887	0.002887
なっ	3	0.002887	0.002887
9	3	0.002887	0.002887
いが	1	0.000962	0.002886
だいす	1	0.000962	0.002886
多摩美術大学	1	0.000962	0.002886
繊細	1	0.000962	0.002886
鉛筆	1	0.000962	0.002886
セリフ	1	0.000962	0.002886
サイレント	1	0.000962	0.002886
絵	1	0.000962	0.002886
気風	1	0.000962	0.002886
白泉社	1	0.000962	0.002886
LaLa	1	0.000962	0.002886
コンテスト	1	0.000962	0.002886
衣川	1	0.000962	0.002886
営み	1	0.000962	0.002886
リトルフォレスト	1	0.000962	0.002886
緻密	1	0.000962	0.002886
込ま	1	0.000962	0.002886
大二郎	1	0.000962	0.002886
おく	1	0.000962	0.002886
ヴィジュアル	1	0.000962	0.002886
簡略	1	0.000962	0.002886
埋もれ	1	0.000962	0.002886
画材	1	0.000962	0.002886
ぺんてる	1	0.000962	0.002886
Hybrid	1	0.000962	0.002886
気楽	1	0.000962	0.002886
描ける	1	0.000962	0.002886
つげ	1	0.000962	0.002886
義春	1	0.000962	0.002886
売る	1	0.000962	0.002886
風	1	0.000962	0.002886
ナウ	1	0.000962	0.002886
トトロ	1	0.000962	0.002886
杉浦	1	0.000962	0.002886
日向子	1	0.000962	0.002886
百日紅	1	0.000962	0.002886
読者	1	0.000962	0.002886
情景	1	0.000962	0.002886
不意	1	0.000962	0.002886
奇想	1	0.000962	0.002886
入り込む	1	0.000962	0.002886
ネタ	1	0.000962	0.002886
下巻	1	0.000962	0.002886
新装	1	0.000962	0.002886
いち子	1	0.000962	0.002886
食材	1	0.000962	0.002886
ざま	1	0.000962	0.002886
実体験	1	0.000962	0.002886
如実	1	0.000962	0.002886
示さ	1	0.000962	0.002886
作中	1	0.000962	0.002886
小学館	1	0.000962	0.002886
SPINDLE	1	0.000962	0.002886
KUARUPU	1	0.000962	0.002886
PETRA	1	0.000962	0.002886
GENITALIX	1	0.000962	0.002886
熱帯	1	0.000962	0.002886
北欧	1	0.000962	0.002886
単行本	1	0.000962	0.002886
下ろし	1	0.000962	0.002886
掌編	1	0.000962	0.002886
ベストコミックブック	1	0.000962	0.002886
パラダイス	1	0.000962	0.002886
竹	1	0.000962	0.002886
エッセイ	1	0.000962	0.002886
夏休み	1	0.000962	0.002886
部活	1	0.000962	0.002886
出会う	1	0.000962	0.002886
惹か	1	0.000962	0.002886
深め	1	0.000962	0.002886
奇妙	1	0.000962	0.002886
最長	1	0.000962	0.002886
境地	1	0.000962	0.002886
MiChao	1	0.000962	0.002886
ピテンカントロプス	1	0.000962	0.002886
オール	1	0.000962	0.002886
Web	1	0.000962	0.002886
年刊	1	0.000962	0.002886
産土	1	0.000962	0.002886
モーニング	1	0.000962	0.002886
盗み	1	0.000962	0.002886
pain	1	0.000962	0.002886
chat	1	0.000962	0.002886
コラボ	1	0.000962	0.002886
漁師	1	0.000962	0.002886
所収	1	0.000962	0.002886
ガルーダ	1	0.000962	0.002886
児	1	0.000962	0.002886
メディアファクトリー	1	0.000962	0.002886
ダンコンダラスコ	1	0.000962	0.002886
イマココ	1	0.000962	0.002886
よかっ	1	0.000962	0.002886
しらん	1	0.000962	0.002886
鰐	1	0.000962	0.002886
チャグチャグ	1	0.000962	0.002886
馬子	1	0.000962	0.002886
Japon	1	0.000962	0.002886
よく	1	0.000962	0.002886
コラボブック	1	0.000962	0.002886
園	1	0.000962	0.002886
COMICS	1	0.000962	0.002886
IS	1	0.000962	0.002886
DEAD	1	0.000962	0.002886
伊坂	1	0.000962	0.002886
幸太郎	1	0.000962	0.002886
季刊	1	0.000962	0.002886
エス	1	0.000962	0.002886
大阪芸術大学	1	0.000962	0.002886
柴崎	1	0.000962	0.002886
友香	1	0.000962	0.002886
209	1	0.000962	0.002886
すごい	1	0.000962	0.002886
オトコ	1	0.000962	0.002886
宝島社	1	0.000962	0.002886
クロニクル	1	0.000962	0.002886
ブック	1	0.000962	0.002886
レット	1	0.000962	0.002886
前掲	1	0.000962	0.002886
211	1	0.000962	0.002886
コミック・イズ・デッド	1	0.000962	0.002886
日誌	1	0.000962	0.002886
熊谷	1	0.000962	0.002596
絵画	1	0.000962	0.002596
画	1	0.000962	0.002596
感じ	1	0.000962	0.002596
無くなる	1	0.000962	0.002596
住み	1	0.000962	0.002596
移り	1	0.000962	0.002596
生き物	1	0.000962	0.002596
重き	1	0.000962	0.002596
背景	1	0.000962	0.002596
定規	1	0.000962	0.002596
ハンド	1	0.000962	0.002596
ドラえもん	1	0.000962	0.002596
主人公	1	0.000962	0.002596
集落	1	0.000962	0.002596
畑	1	0.000962	0.002596
じゅん	1	0.000962	0.002596
成り	1	0.000962	0.002596
フランス語	1	0.000962	0.002596
アングレーム	1	0.000962	0.002596
ジュゴン	1	0.000962	0.002596
育て	1	0.000962	0.002596
現時点	1	0.000962	0.002596
キャラ	1	0.000962	0.002596
子猫	1	0.000962	0.002596
殺し	1	0.000962	0.002596
涙	1	0.000962	0.002596
す	1	0.000962	0.002596
et	1	0.000962	0.002596
BOOK	1	0.000962	0.002596
文芸	1	0.000962	0.002596
ぷり	1	0.000962	0.002596
聞く	1	0.000962	0.002596
表紙	1	0.000962	0.002596
歴	2	0.001925	0.002504
外部	2	0.001925	0.002504
時代	2	0.001925	0.002504
あり	2	0.001925	0.002504
なる	2	0.001925	0.002504
11	2	0.001925	0.002504
本格	1	0.000962	0.002423
話し	1	0.000962	0.002423
境内	1	0.000962	0.002423
述べ	1	0.000962	0.002423
枠	1	0.000962	0.002423
除き	1	0.000962	0.002423
石	1	0.000962	0.002423
シカ	1	0.000962	0.002423
無く	1	0.000962	0.002423
日常	1	0.000962	0.002423
暮らし	1	0.000962	0.002423
若い	1	0.000962	0.002423
食	1	0.000962	0.002423
作っ	1	0.000962	0.002423
違う	1	0.000962	0.002423
生物	1	0.000962	0.002423
放っ	1	0.000962	0.002423
週刊	1	0.000962	0.002423
熊	1	0.000962	0.002423
背中	1	0.000962	0.002423
同上	1	0.000962	0.002423
鬼	1	0.000962	0.002423
仲	1	0.000962	0.002423
基金	1	0.000962	0.002423
IN	1	0.000962	0.002423
文庫	1	0.000962	0.002423
71	1	0.000962	0.002423
青春	1	0.000962	0.002423
岩手	1	0.000962	0.002307
学部	1	0.000962	0.002307
入れ	1	0.000962	0.002307
小学生	1	0.000962	0.002307
決まっ	1	0.000962	0.002307
トルコ	1	0.000962	0.002307
カラー	1	0.000962	0.002307
雨	1	0.000962	0.002307
小学	1	0.000962	0.002307
b	1	0.000962	0.002307
小説	1	0.000962	0.002307
国籍	1	0.000962	0.002214
表	1	0.000962	0.002214
学科	1	0.000962	0.002214
農家	1	0.000962	0.002214
活発	1	0.000962	0.002214
行なっ	1	0.000962	0.002214
使い	1	0.000962	0.002214
書房	1	0.000962	0.002214
海	1	0.000962	0.002214
空	1	0.000962	0.002214
光	1	0.000962	0.002214
かけ	1	0.000962	0.002214
はな	1	0.000962	0.002214
手がけ	1	0.000962	0.002214
41	1	0.000962	0.002120
ジャンル	1	0.000962	0.002120
原作	1	0.000962	0.002120
美術	1	0.000962	0.002120
出る	1	0.000962	0.002120
寺	1	0.000962	0.002120
上	1	0.000962	0.002120
愛	1	0.000962	0.002120
太郎	1	0.000962	0.002120
ファン	1	0.000962	0.002120
人気	1	0.000962	0.002120
ウィキポータル	1	0.000962	0.002065
ノート	1	0.000962	0.002065
なかっ	1	0.000962	0.002065
似	1	0.000962	0.002065
谷	1	0.000962	0.002065
取っ	1	0.000962	0.002065
始まっ	1	0.000962	0.002065
起こっ	1	0.000962	0.002065
自由	1	0.000962	0.002000
い	1	0.000962	0.002000
学生	1	0.000962	0.002000
テーマ	1	0.000962	0.002000
近い	1	0.000962	0.002000
各地	1	0.000962	0.002000
少ない	1	0.000962	0.002000
36	1	0.000962	0.002000
期間	1	0.000962	0.001964
プロジェクト	1	0.000962	0.001964
映像	1	0.000962	0.001964
つけ	1	0.000962	0.001964
a	1	0.000962	0.001964
フリー	2	0.001925	0.001925
カテゴリ	2	0.001925	0.001925
B	2	0.001925	0.001925
A	2	0.001925	0.001925
思わ	1	0.000962	0.001924
上記	1	0.000962	0.001924
45	1	0.000962	0.001924
示す	1	0.000962	0.001924
男	1	0.000962	0.001924
本	1	0.000962	0.001924
高い	1	0.000962	0.001880
多く	1	0.000962	0.001880
物語	1	0.000962	0.001880
1994	1	0.000962	0.001880
サイト	1	0.000962	0.001880
周辺	1	0.000962	0.001880
事件	1	0.000962	0.001831
せ	1	0.000962	0.001775
初期	1	0.000962	0.001775
他	1	0.000962	0.001775
1999	1	0.000962	0.001775
センター	1	0.000962	0.001775
2009	1	0.000962	0.001634
地方	1	0.000962	0.001634
29	1	0.000962	0.001634
BA	1	0.000962	0.001634
94	1	0.000962	0.001634
多い	1	0.000962	0.001541
2000	1	0.000962	0.001541
2001	1	0.000962	0.001541
21	1	0.000962	0.001541
81	1	0.000962	0.001541
90	1	0.000962	0.001541
ない	1	0.000962	0.001421
あっ	1	0.000962	0.001421
できる	1	0.000962	0.001421
30	1	0.000962	0.001421
15	1	0.000962	0.001421
D	1	0.000962	0.001421
BB	1	0.000962	0.001421
なり	1	0.000962	0.001252
一	1	0.000962	0.001252
記事	1	0.000962	0.001252
百科	1	0.000962	0.000962
事典	1	0.000962	0.000962
ウィキペディア	1	0.000962	0.000962
Wikipedia	1	0.000962	0.000962
ナビゲーション	1	0.000962	0.000962
目次	1	0.000962	0.000962
ある	1	0.000962	0.000962
http	1	0.000962	0.000962
ja	1	0.000962	0.000962
wikipedia	1	0.000962	0.000962
org	1	0.000962	0.000962
wiki	1	0.000962	0.000962
