タッグ	45	0.054945	0.164835
チーム	28	0.034188	0.068376
王座	16	0.019536	0.052727
の	40	0.048840	0.048840
プロレス	12	0.014652	0.039545
、	28	0.034188	0.034188
を	23	0.028083	0.028083
で	21	0.025641	0.025641
。	20	0.024420	0.024420
%	17	0.020757	0.020757
マッチ	6	0.007326	0.019773
に	16	0.019536	0.019536
は	15	0.018315	0.018315
場合	10	0.012210	0.018036
と	14	0.017094	0.017094
が	14	0.017094	0.017094
ある	13	0.015873	0.015873
こと	13	0.015873	0.015873
3	13	0.015873	0.015873
試合	6	0.007326	0.015723
も	12	0.014652	0.014652
人	12	0.014652	0.014652
WWE	4	0.004884	0.014652
ユニット	4	0.004884	0.011712
て	9	0.010989	0.010989
プロレスラー	3	0.003663	0.010989
コンビ	3	0.003663	0.009886
○	3	0.003663	0.008784
する	7	0.008547	0.008547
多い	4	0.004884	0.007824
呼ば	4	0.004884	0.007824
名称	3	0.003663	0.007478
（	6	0.007326	0.007326
）	6	0.007326	0.007326
[	6	0.007326	0.007326
]	6	0.007326	0.007326
的	6	0.007326	0.007326
E	6	0.007326	0.007326
呼ぶ	3	0.003663	0.007326
tag	2	0.002442	0.007326
これから	2	0.002442	0.007326
人組	2	0.002442	0.007326
技	2	0.002442	0.007326
パターン	2	0.002442	0.007326
組ま	2	0.002442	0.007326
メリット	2	0.002442	0.007326
NWA	2	0.002442	0.007326
IWGP	2	0.002442	0.007326
全日本	2	0.002442	0.007326
GHC	2	0.002442	0.007326
世界	4	0.004884	0.007214
構成	3	0.003663	0.006759
意義	2	0.002442	0.006591
転じ	2	0.002442	0.006591
固定	2	0.002442	0.006591
ジュニア	2	0.002442	0.006591
複数	2	0.002442	0.006150
勝	2	0.002442	0.006150
れる	5	0.006105	0.006105
2	5	0.006105	0.006105
編集	5	0.006105	0.006105
「	5	0.006105	0.006105
」	5	0.006105	0.006105
し	5	0.006105	0.006105
83	5	0.006105	0.006105
行う	3	0.003663	0.005868
人数	2	0.002442	0.005856
対	2	0.002442	0.005856
結成	2	0.002442	0.005856
本来	2	0.002442	0.005382
メンバー	2	0.002442	0.005382
デビュー	2	0.002442	0.005077
選手	2	0.002442	0.004985
さ	4	0.004884	0.004884
4	4	0.004884	0.004884
れ	4	0.004884	0.004884
・	4	0.004884	0.004884
代表	2	0.002442	0.004884
大阪	2	0.002442	0.004772
以上	2	0.002442	0.004506
せる	2	0.002442	0.004506
戦	2	0.002442	0.004506
における	2	0.002442	0.004342
一般	2	0.002442	0.004149
概要	2	0.002442	0.003912
:	3	0.003663	0.003663
1	3	0.003663	0.003663
な	3	0.003663	0.003663
た	3	0.003663	0.003663
日本	3	0.003663	0.003663
また	3	0.003663	0.003663
team	1	0.001221	0.003663
鬼ごっこ	1	0.001221	0.003663
動詞	1	0.001221	0.003663
触れる	1	0.001221	0.003663
多人数	1	0.001221	0.003663
組む	1	0.001221	0.003663
付ける	1	0.001221	0.003663
結び付き	1	0.001221	0.003663
繰り出す	1	0.001221	0.003663
コンビネーション・プレイ	1	0.001221	0.003663
合体	1	0.001221	0.003663
反則	1	0.001221	0.003663
仲間割れ	1	0.001221	0.003663
属さ	1	0.001221	0.003663
レスラー	1	0.001221	0.003663
組み	1	0.001221	0.003663
臨む	1	0.001221	0.003663
OVW	1	0.001221	0.003663
ギミック	1	0.001221	0.003663
SmackDown	1	0.001221	0.003663
王者	1	0.001221	0.003663
一軍	1	0.001221	0.003663
残留	1	0.001221	0.003663
ベテラン	1	0.001221	0.003663
体得	1	0.001221	0.003663
興行	1	0.001221	0.003663
観戦	1	0.001221	0.003663
バリエーション	1	0.001221	0.003663
TNA	1	0.001221	0.003663
レスリング	1	0.001221	0.003663
KAIENTAI	1	0.001221	0.003663
DOJO	1	0.001221	0.003663
STRONGEST	1	0.001221	0.003663
TAG	1	0.001221	0.003663
BJW	1	0.001221	0.003663
WWWA	1	0.001221	0.003663
等	2	0.002442	0.003607
タッチ	1	0.001221	0.003295
呼び	1	0.001221	0.003295
解消	1	0.001221	0.003295
戦線	1	0.001221	0.003295
アピール	1	0.001221	0.003295
ノン	1	0.001221	0.003295
ないし	1	0.001221	0.003295
意向	1	0.001221	0.003295
若手	1	0.001221	0.003295
おこなわ	1	0.001221	0.003295
により	2	0.002442	0.003177
0	2	0.002442	0.003177
鬼	1	0.001221	0.003075
交代	1	0.001221	0.003075
組ん	1	0.001221	0.003075
略し	1	0.001221	0.003075
トリオ	1	0.001221	0.003075
日常	1	0.001221	0.003075
見せる	1	0.001221	0.003075
RAW	1	0.001221	0.003075
ストーリー	1	0.001221	0.003075
同士	1	0.001221	0.003075
観客	1	0.001221	0.003075
やすく	1	0.001221	0.003075
ノア	1	0.001221	0.003075
相手	1	0.001221	0.002928
呼ん	1	0.001221	0.002928
命名	1	0.001221	0.002928
普段	1	0.001221	0.002928
挑戦	1	0.001221	0.002928
大幅	1	0.001221	0.002928
増加	1	0.001221	0.002928
認定	1	0.001221	0.002928
形式	1	0.001221	0.002810
強い	1	0.001221	0.002810
新人	1	0.001221	0.002810
何らかの	1	0.001221	0.002810
育成	1	0.001221	0.002810
カード	1	0.001221	0.002810
用語	1	0.001221	0.002810
そこ	1	0.001221	0.002691
精神	1	0.001221	0.002691
同時に	1	0.001221	0.002691
得る	1	0.001221	0.002691
分裂	1	0.001221	0.002691
編成	1	0.001221	0.002691
アジア	1	0.001221	0.002691
様	1	0.001221	0.002620
独自	1	0.001221	0.002620
組み合わせ	1	0.001221	0.002620
女子	1	0.001221	0.002620
通常	1	0.001221	0.002539
よく	1	0.001221	0.002539
対立	1	0.001221	0.002539
プロ	1	0.001221	0.002539
タイトル	1	0.001221	0.002493
団体	1	0.001221	0.002493
米	1	0.001221	0.002493
方	1	0.001221	0.002493
5	2	0.002442	0.002442
関連	2	0.002442	0.002442
項目	2	0.002442	0.002442
として	2	0.002442	0.002442
ため	2	0.002442	0.002442
ない	2	0.002442	0.002442
-	2	0.002442	0.002442
.	2	0.002442	0.002442
82	2	0.002442	0.002442
意味	1	0.001221	0.002442
少なく	1	0.001221	0.002442
与え	1	0.001221	0.002442
構造	1	0.001221	0.002442
K	1	0.001221	0.002442
通称	1	0.001221	0.002386
総	1	0.001221	0.002386
いわ	1	0.001221	0.002386
BF	1	0.001221	0.002386
一方	1	0.001221	0.002253
同じ	1	0.001221	0.002253
!	1	0.001221	0.002253
権	1	0.001221	0.002253
とも	1	0.001221	0.002253
→	1	0.001221	0.002253
とき	1	0.001221	0.002171
以外	1	0.001221	0.002171
面	1	0.001221	0.002171
でも	1	0.001221	0.002074
活動	1	0.001221	0.002074
軍	1	0.001221	0.002074
別	1	0.001221	0.002074
新	1	0.001221	0.002074
際	1	0.001221	0.001956
出身	1	0.001221	0.001956
のみ	1	0.001221	0.001956
他	1	0.001221	0.001956
81	1	0.001221	0.001956
BC	1	0.001221	0.001956
および	1	0.001221	0.001804
なお	1	0.001221	0.001804
存在	1	0.001221	0.001804
せ	1	0.001221	0.001804
によって	1	0.001221	0.001589
二	1	0.001221	0.001589
前	1	0.001221	0.001589
という	1	0.001221	0.001589
なる	1	0.001221	0.001589
大	1	0.001221	0.001589
出典	1	0.001221	0.001221
フリー	1	0.001221	0.001221
百科	1	0.001221	0.001221
事典	1	0.001221	0.001221
『	1	0.001221	0.001221
ウィキペディア	1	0.001221	0.001221
Wikipedia	1	0.001221	0.001221
』	1	0.001221	0.001221
移動	1	0.001221	0.001221
ナビゲーション	1	0.001221	0.001221
,	1	0.001221	0.001221
検索	1	0.001221	0.001221
目次	1	0.001221	0.001221
非	1	0.001221	0.001221
表示	1	0.001221	0.001221
(	1	0.001221	0.001221
)	1	0.001221	0.001221
い	1	0.001221	0.001221
から	1	0.001221	0.001221
その	1	0.001221	0.001221
なっ	1	0.001221	0.001221
など	1	0.001221	0.001221
6	1	0.001221	0.001221
8	1	0.001221	0.001221
や	1	0.001221	0.001221
後	1	0.001221	0.001221
へ	1	0.001221	0.001221
日	1	0.001221	0.001221
いる	1	0.001221	0.001221
http	1	0.001221	0.001221
://	1	0.001221	0.001221
ja	1	0.001221	0.001221
wikipedia	1	0.001221	0.001221
org	1	0.001221	0.001221
/	1	0.001221	0.001221
wiki	1	0.001221	0.001221
/%	1	0.001221	0.001221
B	1	0.001221	0.001221
A	1	0.001221	0.001221
より	1	0.001221	0.001221
作成	1	0.001221	0.001221
カテゴリ	1	0.001221	0.001221
|	1	0.001221	0.001221
