の	43	0.044103	0.044103
回戦	12	0.012308	0.036924
ルゼドスキー	10	0.010256	0.030768
%	29	0.029744	0.029744
で	27	0.027692	0.027692
、	26	0.026667	0.026667
イギリス	12	0.012308	0.025125
シングルス	8	0.008205	0.024615
年	24	0.024615	0.024615
勝	9	0.009231	0.023248
。	22	0.022564	0.022564
に	22	0.022564	0.022564
は	21	0.021538	0.021538
・	20	0.020513	0.020513
選手	9	0.009231	0.018844
た	18	0.018462	0.018462
ダブルス	6	0.006154	0.018462
大会	8	0.008205	0.018085
ツアー	7	0.007179	0.017215
全米	6	0.006154	0.016609
（	15	0.015385	0.015385
）	15	0.015385	0.015385
3	15	0.015385	0.015385
を	15	0.015385	0.015385
優勝	6	0.006154	0.014757
テニス	5	0.005128	0.013840
し	13	0.013333	0.013333
カナダ	5	0.005128	0.012915
グレグ	4	0.004103	0.012309
サーバー	4	0.004103	0.012309
成績	5	0.005128	0.012297
男子	5	0.005128	0.012297
全	7	0.007179	0.012197
4	11	0.011282	0.011282
ビッグ	4	0.004103	0.010333
-	10	0.010256	0.010256
が	10	0.010256	0.010256
E	10	0.010256	0.010256
オープン	4	0.004103	0.009839
進出	4	0.004103	0.009839
と	9	0.009231	0.009231
サーブ	3	0.003077	0.009231
ニュー	3	0.003077	0.009231
果たす	3	0.003077	0.009231
デビスカップ	3	0.003077	0.009231
最高	4	0.004103	0.008531
敗	3	0.003077	0.008305
ポート	3	0.003077	0.008305
1997	4	0.004103	0.008206
6	8	0.008205	0.008205
2	8	0.008205	0.008205
1995	4	0.004103	0.007570
,	7	0.007179	0.007179
月	7	0.007179	0.007179
国籍	3	0.003077	0.007080
仏	3	0.003077	0.006782
1	6	0.006154	0.006154
て	6	0.006154	0.006154
代表	3	0.003077	0.006154
グレグ・ルゼドスキー	2	0.002051	0.006153
Greg	2	0.002051	0.006153
Rusedski	2	0.002051	0.006153
豪	2	0.002051	0.006153
ATP	2	0.002051	0.006153
敗れ	2	0.002051	0.006153
オリンピック	2	0.002051	0.006153
五輪	2	0.002051	0.006153
1973	3	0.003077	0.006013
位	3	0.003077	0.005677
戦	3	0.003077	0.005677
モントリオール	2	0.002051	0.005536
決勝	2	0.002051	0.005536
アトランタ	2	0.002051	0.005536
シドニー	2	0.002051	0.005536
大	4	0.004103	0.005338
だ	4	0.004103	0.005338
通算	2	0.002051	0.005165
ランキング	2	0.002051	0.005165
対決	2	0.002051	0.005165
プレー	2	0.002051	0.005165
82	5	0.005128	0.005128
83	5	0.005128	0.005128
193	2	0.002051	0.004918
引退	2	0.002051	0.004918
63	2	0.002051	0.004918
ベスト	2	0.002051	0.004918
身長	2	0.002051	0.004719
準	2	0.002051	0.004719
自己	2	0.002051	0.004719
フランス	2	0.002051	0.004719
出場	2	0.002051	0.004719
15	3	0.003077	0.004545
ロンドン	2	0.002051	0.004521
体重	2	0.002051	0.004521
1991	2	0.002051	0.004402
取得	2	0.002051	0.004402
タイプ	2	0.002051	0.004402
“	2	0.002051	0.004402
kg	2	0.002051	0.004264
”	2	0.002051	0.004264
最後	2	0.002051	0.004187
ある	4	0.004103	0.004103
なっ	4	0.004103	0.004103
7	4	0.004103	0.004103
「	4	0.004103	0.004103
」	4	0.004103	0.004103
|	4	0.004103	0.004103
cm	2	0.002051	0.004102
英	2	0.002051	0.004102
1994	2	0.002051	0.004008
1999	2	0.002051	0.003784
州	2	0.002051	0.003784
歳	2	0.002051	0.003647
2006	2	0.002051	0.003485
2005	2	0.002051	0.003485
出身	2	0.002051	0.003286
90	2	0.002051	0.003286
2001	2	0.002051	0.003286
BC	2	0.002051	0.003286
利き手	1	0.001026	0.003078
片	1	0.001026	0.003078
手打ち	1	0.001026	0.003078
499	1	0.001026	0.003078
340	1	0.001026	0.003078
287	1	0.001026	0.003078
キャリア	1	0.001026	0.003078
プロテニス	1	0.001026	0.003078
ケベック	1	0.001026	0.003078
左利き	1	0.001026	0.003078
最速	1	0.001026	0.003078
競う	1	0.001026	0.003078
ひとり	1	0.001026	0.003078
競い合い	1	0.001026	0.003078
ウクライナ	1	0.001026	0.003078
アメリカ・ロードアイランド	1	0.001026	0.003078
対抗	1	0.001026	0.003078
知名度	1	0.001026	0.003078
ウィンブルドン	1	0.001026	0.003078
シード	1	0.001026	0.003078
マーク・フィリプーシス	1	0.001026	0.003078
制し	1	0.001026	0.003078
勢い	1	0.001026	0.003078
勝ち進み	1	0.001026	0.003078
セドリック・ピオリーン	1	0.001026	0.003078
準々	1	0.001026	0.003078
事故死	1	0.001026	0.003078
ダイアナ	1	0.001026	0.003078
妃	1	0.001026	0.003078
喪章	1	0.001026	0.003078
勝ち進ん	1	0.001026	0.003078
パトリック・ラフター	1	0.001026	0.003078
ペリー	1	0.001026	0.003078
全豪オープン	1	0.001026	0.003078
セルジ・ブルゲラ	1	0.001026	0.003078
アルノー・クレマン	1	0.001026	0.003078
ティム	1	0.001026	0.003078
完敗	1	0.001026	0.003078
ゾーン	1	0.001026	0.003078
アンディ	1	0.001026	0.003078
マレー	1	0.001026	0.003078
:	3	0.003077	0.003077
9	3	0.003077	0.003077
日	3	0.003077	0.003077
8	3	0.003077	0.003077
5	3	0.003077	0.003077
いる	3	0.003077	0.003077
人	3	0.003077	0.003077
こと	3	0.003077	0.003077
として	3	0.003077	0.003077
B	3	0.003077	0.003077
地	2	0.002051	0.003030
2007	2	0.002051	0.003030
世界	2	0.002051	0.003030
ハンド	1	0.001026	0.002769
436	1	0.001026	0.002769
好	1	0.001026	0.002769
不調	1	0.001026	0.002769
比べる	1	0.001026	0.002769
母親	1	0.001026	0.002769
一気に	1	0.001026	0.002769
皇太子	1	0.001026	0.002769
着け	1	0.001026	0.002769
フレッド	1	0.001026	0.002769
連覇	1	0.001026	0.002769
伸ばし	1	0.001026	0.002769
同僚	1	0.001026	0.002769
ヘン	1	0.001026	0.002769
ストレート	1	0.001026	0.002769
週	1	0.001026	0.002769
若手	1	0.001026	0.002769
表	2	0.002051	0.002668
なる	2	0.002051	0.002668
第	2	0.002051	0.002668
まで	2	0.002051	0.002668
0	2	0.002051	0.002668
同士	1	0.001026	0.002584
殿堂	1	0.001026	0.002584
応援	1	0.001026	0.002584
1909	1	0.001026	0.002584
果たし	1	0.001026	0.002584
組ん	1	0.001026	0.002584
現役	1	0.001026	0.002584
表明	1	0.001026	0.002584
プロフィール	1	0.001026	0.002584
ラテン	1	0.001026	0.002460
53	1	0.001026	0.002460
在住	1	0.001026	0.002460
速度	1	0.001026	0.002460
界	1	0.001026	0.002460
呼ん	1	0.001026	0.002460
オーストラリア	1	0.001026	0.002460
生年月日	1	0.001026	0.002361
生涯	1	0.001026	0.002361
波	1	0.001026	0.002361
父親	1	0.001026	0.002361
入り	1	0.001026	0.002361
乗っ	1	0.001026	0.002361
パリ	1	0.001026	0.002361
国民	1	0.001026	0.002361
文字	1	0.001026	0.002261
居住	1	0.001026	0.002261
左	1	0.001026	0.002261
バック	1	0.001026	0.002261
展開	1	0.001026	0.002261
移住	1	0.001026	0.002261
上げ	1	0.001026	0.002261
話題	1	0.001026	0.002261
アフリカ	1	0.001026	0.002261
市内	1	0.001026	0.002202
試合	1	0.001026	0.002202
以来	1	0.001026	0.002202
マン	1	0.001026	0.002202
ヨーロッパ	1	0.001026	0.002202
グループ	1	0.001026	0.002202
勝利	1	0.001026	0.002202
36	1	0.001026	0.002133
デビュー	1	0.001026	0.002133
挙げ	1	0.001026	0.002133
以前	1	0.001026	0.002133
プロ	1	0.001026	0.002133
大きな	1	0.001026	0.002133
多かっ	1	0.001026	0.002094
有名	1	0.001026	0.002094
33	1	0.001026	0.002094
存命	1	0.001026	0.002094
経歴	1	0.001026	0.002052
大きい	1	0.001026	0.002052
少なく	1	0.001026	0.002052
.	2	0.002051	0.002051
1993	1	0.001026	0.002005
初めて	1	0.001026	0.002005
1936	1	0.001026	0.002005
彼	1	0.001026	0.001953
基本	1	0.001026	0.001893
国際	1	0.001026	0.001893
同年	1	0.001026	0.001893
1996	1	0.001026	0.001893
英語	1	0.001026	0.001893
18	1	0.001026	0.001824
31	1	0.001026	0.001824
系	1	0.001026	0.001743
初	1	0.001026	0.001743
別	1	0.001026	0.001743
交通	1	0.001026	0.001743
でき	1	0.001026	0.001743
度	1	0.001026	0.001743
AC	1	0.001026	0.001743
AB	1	0.001026	0.001743
年生	1	0.001026	0.001743
情報	1	0.001026	0.001644
2000	1	0.001026	0.001644
89	1	0.001026	0.001644
AD	1	0.001026	0.001644
名	1	0.001026	0.001516
国	1	0.001026	0.001516
元	1	0.001026	0.001516
受け	1	0.001026	0.001516
なかっ	1	0.001026	0.001516
その後	1	0.001026	0.001516
2004	1	0.001026	0.001516
BB	1	0.001026	0.001516
人物	1	0.001026	0.001516
　	1	0.001026	0.001335
話	1	0.001026	0.001335
編	1	0.001026	0.001335
歴	1	0.001026	0.001335
現在	1	0.001026	0.001335
よう	1	0.001026	0.001335
外部	1	0.001026	0.001335
出典	1	0.001026	0.001026
フリー	1	0.001026	0.001026
百科	1	0.001026	0.001026
事典	1	0.001026	0.001026
『	1	0.001026	0.001026
ウィキペディア	1	0.001026	0.001026
Wikipedia	1	0.001026	0.001026
』	1	0.001026	0.001026
移動	1	0.001026	0.001026
ナビゲーション	1	0.001026	0.001026
検索	1	0.001026	0.001026
者	1	0.001026	0.001026
あっ	1	0.001026	0.001026
する	1	0.001026	0.001026
的	1	0.001026	0.001026
な	1	0.001026	0.001026
その	1	0.001026	0.001026
も	1	0.001026	0.001026
後	1	0.001026	0.001026
リンク	1	0.001026	0.001026
[	1	0.001026	0.001026
編集	1	0.001026	0.001026
]	1	0.001026	0.001026
http	1	0.001026	0.001026
://	1	0.001026	0.001026
ja	1	0.001026	0.001026
wikipedia	1	0.001026	0.001026
org	1	0.001026	0.001026
/	1	0.001026	0.001026
wiki	1	0.001026	0.001026
/%	1	0.001026	0.001026
より	1	0.001026	0.001026
作成	1	0.001026	0.001026
カテゴリ	1	0.001026	0.001026
