國學院大學	40	0.018307	0.049410
栃木	32	0.014645	0.043935
・	85	0.038902	0.038902
科	34	0.015561	0.033396
短期大学	28	0.012815	0.032275
-	55	0.025172	0.025172
学科	21	0.009611	0.022115
の	48	0.021968	0.021968
教育	24	0.010984	0.020267
。	44	0.020137	0.020137
[	43	0.019680	0.019680
大学	23	0.010526	0.019422
]	42	0.019222	0.019222
：	31	0.014188	0.018459
編集	38	0.017391	0.017391
専攻	13	0.005950	0.016059
学校	20	0.009153	0.015551
.	33	0.015103	0.015103
%	32	0.014645	0.014645
科学	15	0.006865	0.013416
短大	10	0.004577	0.012353
と	26	0.011899	0.011899
国文学	9	0.004119	0.011117
初等	9	0.004119	0.011117
1	24	0.010984	0.010984
ほか	14	0.006407	0.010885
が	23	0.010526	0.010526
生活	12	0.005492	0.010133
日本	22	0.010069	0.010069
幼稚園	8	0.003661	0.009881
學	7	0.003204	0.009612
は	21	0.009611	0.009611
全国	11	0.005034	0.009288
私立	8	0.003661	0.009220
、	20	0.009153	0.009153
関係	13	0.005950	0.008789
|	19	0.008696	0.008696
就職	7	0.003204	0.008647
学生	9	0.004119	0.008564
史	11	0.005034	0.008553
いる	18	0.008238	0.008238
家政学	6	0.002746	0.008238
商学	6	0.002746	0.008238
号館	6	0.002746	0.008238
校	8	0.003661	0.007857
て	17	0.007780	0.007780
「	17	0.007780	0.007780
」	17	0.007780	0.007780
寮	6	0.002746	0.007411
者	16	0.007323	0.007323
附属	6	0.002746	0.006916
科目	6	0.002746	0.006916
健康	6	0.002746	0.006916
『	15	0.006865	0.006865
（	15	0.006865	0.006865
）	15	0.006865	0.006865
』	15	0.006865	0.006865
を	15	0.006865	0.006865
2	15	0.006865	0.006865
國學院大學栃木学園	5	0.002288	0.006864
学長	5	0.002288	0.006864
教諭	5	0.002288	0.006864
高等	8	0.003661	0.006755
法人	7	0.003204	0.006541
組織	7	0.003204	0.006541
に	14	0.006407	0.006407
國	5	0.002288	0.006175
企業	6	0.002746	0.005893
設置	7	0.003204	0.005697
年	12	0.005492	0.005492
で	12	0.005492	0.005492
ある	12	0.005492	0.005492
3	12	0.005492	0.005492
活動	7	0.003204	0.005443
一般	7	0.003204	0.005443
5	11	0.005034	0.005034
なっ	11	0.005034	0.005034
も	11	0.005034	0.005034
E	11	0.005034	0.005034
免許	4	0.001831	0.004942
院	5	0.002288	0.004757
た	10	0.004577	0.004577
4	10	0.004577	0.004577
二	7	0.003204	0.004169
れ	9	0.004119	0.004119
平井	3	0.001373	0.004119
608	3	0.001373	0.004119
増設	3	0.001373	0.004119
斯花	3	0.001373	0.004119
受験	3	0.001373	0.004119
学	5	0.002288	0.004068
および	6	0.002746	0.004056
について	6	0.002746	0.004056
1966	4	0.001831	0.004036
案内	4	0.001831	0.004036
女子	4	0.001831	0.003930
状	4	0.001831	0.003807
祭	4	0.001831	0.003738
資格	3	0.001373	0.003706
キャンパス	3	0.001373	0.003706
進学	3	0.001373	0.003706
称し	3	0.001373	0.003706
杉	3	0.001373	0.003706
部	5	0.002288	0.003666
一覧	5	0.002288	0.003666
6	8	0.003661	0.003661
8	8	0.003661	0.003661
A	8	0.003661	0.003661
概説	3	0.001373	0.003458
研究	4	0.001831	0.003378
種	4	0.001831	0.003378
学園	3	0.001373	0.003292
文学	3	0.001373	0.003292
館	4	0.001831	0.003256
7	7	0.003204	0.003204
9	7	0.003204	0.003204
クラブ	3	0.001373	0.003159
学ぶ	3	0.001373	0.003159
文化	4	0.001831	0.003111
本部	3	0.001373	0.003026
県	5	0.002288	0.002977
AD	4	0.001831	0.002933
中学校	3	0.001373	0.002803
Kokugakuin	2	0.000915	0.002745
Tochigi	2	0.000915	0.002745
学風	2	0.000915	0.002745
進路	2	0.000915	0.002745
書道	2	0.000915	0.002745
古文書	2	0.000915	0.002745
国文	2	0.000915	0.002745
幸弘	2	0.000915	0.002745
司書	2	0.000915	0.002745
弓道	2	0.000915	0.002745
コート	2	0.000915	0.002745
北海道短期大学	2	0.000915	0.002745
久我山	2	0.000915	0.002745
就く	2	0.000915	0.002745
信用金庫	2	0.000915	0.002745
埼玉大学	2	0.000915	0.002745
和洋女子大学	2	0.000915	0.002745
杏林大学	2	0.000915	0.002745
年鑑	2	0.000915	0.002745
蛍雪	2	0.000915	0.002745
旺文社	2	0.000915	0.002745
市	4	0.001831	0.002705
サイト	3	0.001373	0.002683
はじめ	3	0.001373	0.002683
小学校	3	0.001373	0.002683
専門	3	0.001373	0.002613
→	3	0.001373	0.002533
西	3	0.001373	0.002533
北	3	0.001373	0.002533
概観	2	0.000915	0.002470
特色	2	0.000915	0.002470
サークル	2	0.000915	0.002470
食堂	2	0.000915	0.002470
実績	2	0.000915	0.002470
共学	2	0.000915	0.002470
家政	2	0.000915	0.002470
テニス	2	0.000915	0.002470
幼児	2	0.000915	0.002470
皇	2	0.000915	0.002470
在学	2	0.000915	0.002470
所在地	3	0.001373	0.002441
町	3	0.001373	0.002441
機関	3	0.001373	0.002441
公式	3	0.001373	0.002333
施設	3	0.001373	0.002333
社会	3	0.001373	0.002333
系	3	0.001373	0.002333
関わり	2	0.000915	0.002304
少数	2	0.000915	0.002304
発掘	2	0.000915	0.002304
神道	2	0.000915	0.002304
所蔵	2	0.000915	0.002304
や	5	0.002288	0.002288
へ	5	0.002288	0.002288
人	5	0.002288	0.002288
参考	3	0.001373	0.002200
多い	3	0.001373	0.002200
基礎	2	0.000915	0.002194
対外	2	0.000915	0.002194
行なわ	2	0.000915	0.002194
男子	2	0.000915	0.002194
中村	2	0.000915	0.002194
教員	2	0.000915	0.002194
中学	2	0.000915	0.002194
研究所	2	0.000915	0.002194
系列	2	0.000915	0.002105
およそ	2	0.000915	0.002105
福祉	2	0.000915	0.002105
.^	3	0.001373	0.002028
C	3	0.001373	0.002028
データ	2	0.000915	0.002017
入学	2	0.000915	0.002017
取得	2	0.000915	0.001964
姉妹	2	0.000915	0.001964
なし	2	0.000915	0.001964
発行	2	0.000915	0.001964
全体	2	0.000915	0.001902
アクセス	2	0.000915	0.001868
卒業	2	0.000915	0.001868
シリーズ	2	0.000915	0.001868
:	4	0.001831	0.001831
さ	4	0.001831	0.001831
項目	4	0.001831	0.001831
など	4	0.001831	0.001831
この	4	0.001831	0.001831
沿革	2	0.000915	0.001830
協会	2	0.000915	0.001830
諸	2	0.000915	0.001788
対象	2	0.000915	0.001788
記念	2	0.000915	0.001788
編	3	0.001373	0.001786
　	3	0.001373	0.001786
10	3	0.001373	0.001786
規模	2	0.000915	0.001741
英語	2	0.000915	0.001688
バス	2	0.000915	0.001688
交通	2	0.000915	0.001555
別	2	0.000915	0.001555
文献	2	0.000915	0.001555
社	2	0.000915	0.001555
脚注	2	0.000915	0.001466
に関する	2	0.000915	0.001466
行わ	2	0.000915	0.001466
本	2	0.000915	0.001466
当時	2	0.000915	0.001466
くいん	1	0.000458	0.001374
とち	1	0.000458	0.001374
ぎたんきだいがく	1	0.000458	0.001374
Junior	1	0.000458	0.001374
College	1	0.000458	0.001374
KT	1	0.000458	0.001374
漢	1	0.000458	0.001374
実習	1	0.000458	0.001374
永年	1	0.000458	0.001374
上履き	1	0.000458	0.001374
純白	1	0.000458	0.001374
ナース	1	0.000458	0.001374
サンダル	1	0.000458	0.001374
両毛線	1	0.000458	0.001374
教職	1	0.000458	0.001374
養護	1	0.000458	0.001374
空手	1	0.000458	0.001374
剣道	1	0.000458	0.001374
ソフトボール	1	0.000458	0.001374
バドミントン	1	0.000458	0.001374
バレーボール・ハンドボール・フットサル・	1	0.000458	0.001374
囲碁	1	0.000458	0.001374
箏曲	1	0.000458	0.001374
短歌	1	0.000458	0.001374
フォークソング	1	0.000458	0.001374
なさい	1	0.000458	0.001374
行忠	1	0.000458	0.001374
弘彦	1	0.000458	0.001374
千明	1	0.000458	0.001374
鍛代	1	0.000458	0.001374
敏雄	1	0.000458	0.001374
裏手	1	0.000458	0.001374
思索	1	0.000458	0.001374
グラウンド	1	0.000458	0.001374
至って	1	0.000458	0.001374
片柳	1	0.000458	0.001374
栃木銀行	1	0.000458	0.001374
レストランエンタプライズ・ジェイティービー	1	0.000458	0.001374
駸堂	1	0.000458	0.001374
三越	1	0.000458	0.001374
板屋	1	0.000458	0.001374
東照宮	1	0.000458	0.001374
富士食品	1	0.000458	0.001374
ライフフーズ	1	0.000458	0.001374
ダイワラクダ工業	1	0.000458	0.001374
宇都宮大学	1	0.000458	0.001374
群馬県立女子大学	1	0.000458	0.001374
国士舘大学	1	0.000458	0.001374
白百合女子大学	1	0.000458	0.001374
大東文化大学	1	0.000458	0.001374
二松学舎大学	1	0.000458	0.001374
武蔵野	1	0.000458	0.001374
目白大学	1	0.000458	0.001374
大阪教育大学	1	0.000458	0.001374
都留文科大学	1	0.000458	0.001374
盛岡大学	1	0.000458	0.001374
東北福祉大学	1	0.000458	0.001374
川村学園女子大学	1	0.000458	0.001374
聖徳大学	1	0.000458	0.001374
玉川大学	1	0.000458	0.001374
山形大学	1	0.000458	0.001374
駿河台大学	1	0.000458	0.001374
信州大学	1	0.000458	0.001374
創価大学	1	0.000458	0.001374
橘	1	0.000458	0.001374
宮城学院女子大学	1	0.000458	0.001374
跡見学園女子大学	1	0.000458	0.001374
共立女子大学	1	0.000458	0.001374
仙台大学	1	0.000458	0.001374
東京家政大学	1	0.000458	0.001374
徳島文理大学	1	0.000458	0.001374
文京	1	0.000458	0.001374
中央大学	1	0.000458	0.001374
日本福祉大学	1	0.000458	0.001374
総覧	1	0.000458	0.001374
私大	1	0.000458	0.001374
別冊	1	0.000458	0.001374
要覧	1	0.000458	0.001374
潤	1	0.000458	0.001374
教学	1	0.000458	0.001374
梧桐	1	0.000458	0.001374
書院	1	0.000458	0.001374
冊子	1	0.000458	0.001374
折口	1	0.000458	0.001374
應援	1	0.000458	0.001374
團	1	0.000458	0.001374
講究	1	0.000458	0.001374
関連	3	0.001373	0.001373
する	3	0.001373	0.001373
し	3	0.001373	0.001373
B	3	0.001373	0.001373
2004	2	0.000915	0.001352
名	2	0.000915	0.001352
元	2	0.000915	0.001352
数	2	0.000915	0.001352
F	2	0.000915	0.001352
がく	1	0.000458	0.001236
遺跡	1	0.000458	0.001236
主として	1	0.000458	0.001236
はじめて	1	0.000458	0.001236
開	1	0.000458	0.001236
国語	1	0.000458	0.001236
民俗	1	0.000458	0.001236
史料	1	0.000458	0.001236
睦	1	0.000458	0.001236
卓球	1	0.000458	0.001236
ダンス	1	0.000458	0.001236
演劇	1	0.000458	0.001236
華道	1	0.000458	0.001236
文芸	1	0.000458	0.001236
落語	1	0.000458	0.001236
同窓会	1	0.000458	0.001236
かい	1	0.000458	0.001236
贈ら	1	0.000458	0.001236
佐々木	1	0.000458	0.001236
清之	1	0.000458	0.001236
岡野	1	0.000458	0.001236
本館	1	0.000458	0.001236
240	1	0.000458	0.001236
冊	1	0.000458	0.001236
多目的	1	0.000458	0.001236
ニ	1	0.000458	0.001236
講座	1	0.000458	0.001236
少なから	1	0.000458	0.001236
進	1	0.000458	0.001236
靖	1	0.000458	0.001236
資生堂	1	0.000458	0.001236
足利	1	0.000458	0.001236
小山	1	0.000458	0.001236
学院	1	0.000458	0.001236
女子大	1	0.000458	0.001236
文部省	1	0.000458	0.001236
課	1	0.000458	0.001236
専修	1	0.000458	0.001236
各種	1	0.000458	0.001236
廣	1	0.000458	0.001236
晶文社	1	0.000458	0.001236
臨時	1	0.000458	0.001236
頭文字	1	0.000458	0.001236
硬式	1	0.000458	0.001236
本庁	1	0.000458	0.001236
表	2	0.000915	0.001190
話	2	0.000915	0.001190
歴	2	0.000915	0.001190
11	2	0.000915	0.001190
もの	2	0.000915	0.001190
第	2	0.000915	0.001190
種別	1	0.000458	0.001153
だい	1	0.000458	0.001153
置く	1	0.000458	0.001153
考古学	1	0.000458	0.001153
養成	1	0.000458	0.001153
県内	1	0.000458	0.001153
家庭	1	0.000458	0.001153
会館	1	0.000458	0.001153
体育	1	0.000458	0.001153
陸上	1	0.000458	0.001153
茶道	1	0.000458	0.001153
報	1	0.000458	0.001153
守	1	0.000458	0.001153
体育館	1	0.000458	0.001153
スズキ	1	0.000458	0.001153
職員	1	0.000458	0.001153
日光	1	0.000458	0.001153
関西	1	0.000458	0.001153
鎌倉	1	0.000458	0.001153
T	1	0.000458	0.001153
101	1	0.000458	0.001153
典	1	0.000458	0.001153
学部	1	0.000458	0.001098
ウェブサイト	1	0.000458	0.001098
こく	1	0.000458	0.001098
ビジネス	1	0.000458	0.001098
停留所	1	0.000458	0.001098
課程	1	0.000458	0.001098
バスケットボール	1	0.000458	0.001098
競技	1	0.000458	0.001098
人形	1	0.000458	0.001098
劇	1	0.000458	0.001098
卒業生	1	0.000458	0.001098
樋口	1	0.000458	0.001098
図書館	1	0.000458	0.001098
収容	1	0.000458	0.001098
定員	1	0.000458	0.001098
700	1	0.000458	0.001098
公開	1	0.000458	0.001098
監修	1	0.000458	0.001098
49	1	0.000458	0.001098
増刊	1	0.000458	0.001098
創立	1	0.000458	0.001054
授業	1	0.000458	0.001054
男女	1	0.000458	0.001054
募集	1	0.000458	0.001054
下車	1	0.000458	0.001054
はな	1	0.000458	0.001054
コース	1	0.000458	0.001054
古代	1	0.000458	0.001054
略称	1	0.000458	0.001009
美術	1	0.000458	0.001009
共通	1	0.000458	0.001009
いずれ	1	0.000458	0.001009
工業	1	0.000458	0.001009
編入	1	0.000458	0.001009
市内	1	0.000458	0.000983
周年	1	0.000458	0.000983
初代	1	0.000458	0.000983
職	1	0.000458	0.000983
博士	1	0.000458	0.000983
神社	1	0.000458	0.000983
-------------------------	1	0.000458	0.000983
体制	1	0.000458	0.000952
日本語	1	0.000458	0.000952
自由	1	0.000458	0.000952
改称	1	0.000458	0.000952
毎年	1	0.000458	0.000952
井上	1	0.000458	0.000952
野球	1	0.000458	0.000952
就任	1	0.000458	0.000935
四	1	0.000458	0.000935
写真	1	0.000458	0.000935
森	1	0.000458	0.000935
小	1	0.000458	0.000935
テンプレート	1	0.000458	0.000935
大きい	1	0.000458	0.000916
調査	1	0.000458	0.000916
1968	1	0.000458	0.000916
000	1	0.000458	0.000916
自動車	1	0.000458	0.000916
特徴	1	0.000458	0.000916
K	1	0.000458	0.000916
,	2	0.000915	0.000915
/	2	0.000915	0.000915
後	2	0.000915	0.000915
として	2	0.000915	0.000915
より	2	0.000915	0.000915
から	2	0.000915	0.000915
月	2	0.000915	0.000915
1986	1	0.000458	0.000895
99	1	0.000458	0.000895
JR	1	0.000458	0.000872
十	1	0.000458	0.000872
映画	1	0.000458	0.000872
京都	1	0.000458	0.000872
技術	1	0.000458	0.000872
1992	1	0.000458	0.000872
かつて	1	0.000458	0.000845
同年	1	0.000458	0.000845
多数	1	0.000458	0.000845
センター	1	0.000458	0.000845
道	1	0.000458	0.000845
以下	1	0.000458	0.000845
&	1	0.000458	0.000845
ウィキプロジェクト	1	0.000458	0.000845
年度	1	0.000458	0.000814
1990	1	0.000458	0.000814
現	1	0.000458	0.000814
以外	1	0.000458	0.000814
開始	1	0.000458	0.000778
駅	1	0.000458	0.000778
東京	1	0.000458	0.000778
1980	1	0.000458	0.000778
局	1	0.000458	0.000778
94	1	0.000458	0.000778
全	1	0.000458	0.000778
所	1	0.000458	0.000778
]。	1	0.000458	0.000734
だっ	1	0.000458	0.000734
呼ば	1	0.000458	0.000734
会	1	0.000458	0.000734
場	1	0.000458	0.000734
2000	1	0.000458	0.000734
隠す	1	0.000458	0.000734
13	1	0.000458	0.000677
14	1	0.000458	0.000677
主	1	0.000458	0.000677
き	1	0.000458	0.000677
2007	1	0.000458	0.000677
等	1	0.000458	0.000677
号	1	0.000458	0.000677
人物	1	0.000458	0.000677
12	1	0.000458	0.000596
により	1	0.000458	0.000596
現在	1	0.000458	0.000596
おり	1	0.000458	0.000596
前	1	0.000458	0.000596
大	1	0.000458	0.000596
ず	1	0.000458	0.000596
使用	1	0.000458	0.000596
ます	1	0.000458	0.000596
0	1	0.000458	0.000596
記事	1	0.000458	0.000596
出典	1	0.000458	0.000458
フリー	1	0.000458	0.000458
百科	1	0.000458	0.000458
事典	1	0.000458	0.000458
ウィキペディア	1	0.000458	0.000458
Wikipedia	1	0.000458	0.000458
移動	1	0.000458	0.000458
ナビゲーション	1	0.000458	0.000458
検索	1	0.000458	0.000458
目次	1	0.000458	0.000458
非	1	0.000458	0.000458
表示	1	0.000458	0.000458
また	1	0.000458	0.000458
れる	1	0.000458	0.000458
あり	1	0.000458	0.000458
い	1	0.000458	0.000458
http	1	0.000458	0.000458
://	1	0.000458	0.000458
ja	1	0.000458	0.000458
wikipedia	1	0.000458	0.000458
org	1	0.000458	0.000458
wiki	1	0.000458	0.000458
/%	1	0.000458	0.000458
83	1	0.000458	0.000458
作成	1	0.000458	0.000458
カテゴリ	1	0.000458	0.000458
