エンジン	13	0.018362	0.046245
軽自動車	10	0.014124	0.042372
アルト	10	0.014124	0.042372
ワゴン	10	0.014124	0.042372
スズキ	11	0.015537	0.039130
3	24	0.033898	0.033898
し	24	0.033898	0.033898
カプチーノ	8	0.011299	0.033897
さ	20	0.028249	0.028249
自動車	10	0.014124	0.028248
車種	8	0.011299	0.027094
DOHC	5	0.007062	0.021186
英国	5	0.007062	0.021186
エブリイ	5	0.007062	0.021186
ワークス	5	0.007062	0.019060
R	6	0.008475	0.017621
軽量	4	0.005650	0.016950
カルタス	4	0.005650	0.016950
ジムニー	4	0.005650	0.016950
2	12	0.016949	0.016949
4	12	0.016949	0.016949
スポーツ	5	0.007062	0.015565
ps	4	0.005650	0.015249
アルミ	4	0.005650	0.015249
6	10	0.014124	0.014124
E	10	0.014124	0.014124
FR	3	0.004237	0.012711
オーナーズクラブ	3	0.004237	0.012711
クレセント	3	0.004237	0.012711
セダン	3	0.004237	0.012711
キャリイ	3	0.004237	0.012711
mm	4	0.005650	0.012126
気筒	3	0.004237	0.011436
rpm	3	0.004237	0.011436
ホイール	3	0.004237	0.011436
7	8	0.011299	0.011299
5	8	0.011299	0.011299
0	6	0.008475	0.011026
価格	3	0.004237	0.010671
海外	3	0.004237	0.010160
1	7	0.009887	0.009887
モデル	3	0.004237	0.009339
L	3	0.004237	0.009093
プロジェクト	3	0.004237	0.008649
8	6	0.008475	0.008475
MT	2	0.002825	0.008475
AT	2	0.002825	0.008475
サスペンション	2	0.002825	0.008475
ダブルウィッシュボーン	2	0.002825	0.008475
チューニングモデル	2	0.002825	0.008475
ルーフ	2	0.002825	0.008475
フロントミッドシップ	2	0.002825	0.008475
セルボモード	2	0.002825	0.008475
インタークーラーターボエンジン	2	0.002825	0.008475
SCORE	2	0.002825	0.008475
キット	2	0.002825	0.008475
アルトラパン	2	0.002825	0.008475
スイフト	2	0.002825	0.008475
シボレー	2	0.002825	0.008475
SX	2	0.002825	0.008475
MR	2	0.002825	0.008475
S	3	0.004237	0.008474
kgm	2	0.002825	0.007625
フロント	2	0.002825	0.007625
ワイド	2	0.002825	0.007625
重量	2	0.002825	0.007115
ABC	2	0.002825	0.007115
51	2	0.002825	0.007115
縦	2	0.002825	0.007115
置き	2	0.002825	0.007115
マイナー	2	0.002825	0.007115
バルブ	2	0.002825	0.007115
A	5	0.007062	0.007062
9	5	0.007062	0.007062
83	5	0.007062	0.007062
64	2	0.002825	0.006500
F	3	0.004237	0.006259
性能	2	0.002825	0.006227
1991	2	0.002825	0.006063
タイプ	2	0.002825	0.006063
kg	2	0.002825	0.005874
ドイツ	2	0.002825	0.005874
期間	2	0.002825	0.005767
なっ	4	0.005650	0.005650
82	4	0.005650	0.005650
K	2	0.002825	0.005650
500	2	0.002825	0.005521
10	3	0.004237	0.005512
番組	2	0.002825	0.005212
初期	2	0.002825	0.005212
1998	2	0.002825	0.005023
100	2	0.002825	0.005023
1990	2	0.002825	0.005023
数	2	0.002825	0.004800
概要	2	0.002825	0.004526
項目	3	0.004237	0.004237
する	3	0.004237	0.004237
ボディ	1	0.001412	0.004236
657	1	0.001412	0.004236
295	1	0.001412	0.004236
395	1	0.001412	0.004236
185	1	0.001412	0.004236
060	1	0.001412	0.004236
Cappuccino	1	0.001412	0.004236
カプチ	1	0.001412	0.004236
御三家	1	0.001412	0.004236
フロントエンジン・リアドライブ	1	0.001412	0.004236
フラッグシップモデル	1	0.001412	0.004236
日産	1	0.001412	0.004236
Z	1	0.001412	0.004236
ロングノーズ・ショートデッキ	1	0.001412	0.004236
スポーツカー	1	0.001412	0.004236
ピ	1	0.001412	0.004236
取り外せ	1	0.001412	0.004236
トランク	1	0.001412	0.004236
タルガトップ	1	0.001412	0.004236
シーター	1	0.001412	0.004236
フロントアクスル	1	0.001412	0.004236
後部	1	0.001412	0.004236
重心	1	0.001412	0.004236
リア	1	0.001412	0.004236
活かし	1	0.001412	0.004236
車体	1	0.001412	0.004236
剛性	1	0.001412	0.004236
プロペラ	1	0.001412	0.004236
シャフト	1	0.001412	0.004236
断面	1	0.001412	0.004236
シル	1	0.001412	0.004236
狭い	1	0.001412	0.004236
ボディー	1	0.001412	0.004236
純正	1	0.001412	0.004236
ブレーキ	1	0.001412	0.004236
ディスク	1	0.001412	0.004236
ベンチレーテッドタイプ	1	0.001412	0.004236
ABS	1	0.001412	0.004236
トルセン	1	0.001412	0.004236
LSD	1	0.001412	0.004236
遂げ	1	0.001412	0.004236
スペシャルティカー	1	0.001412	0.004236
長寿	1	0.001412	0.004236
145	1	0.001412	0.004236
158	1	0.001412	0.004236
ウィンカー	1	0.001412	0.004236
リアフォグ	1	0.001412	0.004236
リミッター	1	0.001412	0.004236
バーニー・エクレストン	1	0.001412	0.004236
ラルフ・シューマッハ	1	0.001412	0.004236
ロングノーズ	1	0.001412	0.004236
チューニングメーカー	1	0.001412	0.004236
コンプリートカー	1	0.001412	0.004236
履か	1	0.001412	0.004236
走ら	1	0.001412	0.004236
難し	1	0.001412	0.004236
一言	1	0.001412	0.004236
コスワース	1	0.001412	0.004236
マツダ	1	0.001412	0.004236
RX	1	0.001412	0.004236
ロータリー	1	0.001412	0.004236
プライベーター・ショップデモカー	1	0.001412	0.004236
チューナー	1	0.001412	0.004236
プラグ	1	0.001412	0.004236
CappuccinoWiki	1	0.001412	0.004236
Wiki	1	0.001412	0.004236
乗用車	1	0.001412	0.004236
モータースポーツ	1	0.001412	0.004236
スタブ	1	0.001412	0.004236
ハッチ	1	0.001412	0.004236
セルボ	1	0.001412	0.004236
HT	1	0.001412	0.004236
GA	1	0.001412	0.004236
ZC	1	0.001412	0.004236
ZD	1	0.001412	0.004236
エリオ	1	0.001412	0.004236
カルタス・エスティーム	1	0.001412	0.004236
エリオセダン	1	0.001412	0.004236
キザシ	1	0.001412	0.004236
パレット	1	0.001412	0.004236
リオ	1	0.001412	0.004236
MW	1	0.001412	0.004236
スプラッシュ	1	0.001412	0.004236
ミニバン	1	0.001412	0.004236
エブリイランディ	1	0.001412	0.004236
ランディ	1	0.001412	0.004236
カルタス・コンバーティブル	1	0.001412	0.004236
Kei	1	0.001412	0.004236
SUV	1	0.001412	0.004236
1300	1	0.001412	0.004236
シ	1	0.001412	0.004236
エラ	1	0.001412	0.004236
ジムニーシエラ	1	0.001412	0.004236
エスクード	1	0.001412	0.004236
グランドエスクード	1	0.001412	0.004236
商用	1	0.001412	0.004236
できる	2	0.002825	0.004173
ドア	1	0.001412	0.003811
直列	1	0.001412	0.003811
愛称	1	0.001412	0.003811
東京モーターショー	1	0.001412	0.003811
修	1	0.001412	0.003811
会長	1	0.001412	0.003811
PM	1	0.001412	0.003811
レディ	1	0.001412	0.003811
ス	1	0.001412	0.003811
フル	1	0.001412	0.003811
通す	1	0.001412	0.003811
サイド	1	0.001412	0.003811
容積	1	0.001412	0.003811
車	1	0.001412	0.003811
各所	1	0.001412	0.003811
コンピュータ	1	0.001412	0.003811
トルク	1	0.001412	0.003811
前期	1	0.001412	0.003811
バブル	1	0.001412	0.003811
末期	1	0.001412	0.003811
高価	1	0.001412	0.003811
立ち上がっ	1	0.001412	0.003811
香港	1	0.001412	0.003811
右側	1	0.001412	0.003811
適し	1	0.001412	0.003811
140	1	0.001412	0.003811
有名人	1	0.001412	0.003811
ルーム	1	0.001412	0.003811
フェンダー	1	0.001412	0.003811
タイヤ	1	0.001412	0.003811
とどまっ	1	0.001412	0.003811
280	1	0.001412	0.003811
タービン	1	0.001412	0.003811
ツイン	1	0.001412	0.003811
キャラ	1	0.001412	0.003811
オープンカー	1	0.001412	0.003811
外部	2	0.002825	0.003675
11	2	0.002825	0.003675
cc	1	0.001412	0.003556
スペック	1	0.001412	0.003556
トリオ	1	0.001412	0.003556
枠	1	0.001412	0.003556
フェア	1	0.001412	0.003556
スタイル	1	0.001412	0.003556
T	1	0.001412	0.003556
積	1	0.001412	0.003556
空間	1	0.001412	0.003556
アルミニウム	1	0.001412	0.003556
自主	1	0.001412	0.003556
席	1	0.001412	0.003556
セット	1	0.001412	0.003556
ブランド	1	0.001412	0.003556
クルーズ	1	0.001412	0.003556
定員	1	0.001412	0.003386
ベース	1	0.001412	0.003386
700	1	0.001412	0.003386
現実	1	0.001412	0.003386
鈴木	1	0.001412	0.003386
社長	1	0.001412	0.003386
トップ	1	0.001412	0.003386
目指し	1	0.001412	0.003386
49	1	0.001412	0.003386
車内	1	0.001412	0.003386
オプション	1	0.001412	0.003386
伴う	1	0.001412	0.003386
スーパー	1	0.001412	0.003386
画像	1	0.001412	0.003386
ソ	1	0.001412	0.003386
車両	1	0.001412	0.003249
長い	1	0.001412	0.003249
トンネル	1	0.001412	0.003249
出来る	1	0.001412	0.003249
市場	1	0.001412	0.003249
h	1	0.001412	0.003249
目	1	0.001412	0.003249
メーカー	1	0.001412	0.003249
年表	1	0.001412	0.003249
命	1	0.001412	0.003112
種類	1	0.001412	0.003112
方式	1	0.001412	0.003030
スペース	1	0.001412	0.003030
規格	1	0.001412	0.003030
持ち	1	0.001412	0.003030
道路	1	0.001412	0.003030
自体	1	0.001412	0.003030
商品	1	0.001412	0.003030
X	1	0.001412	0.003030
全長	1	0.001412	0.002936
in	1	0.001412	0.002936
最大	1	0.001412	0.002936
法律	1	0.001412	0.002936
44	1	0.001412	0.002936
1989	1	0.001412	0.002882
形態	1	0.001412	0.002882
向け	1	0.001412	0.002882
いる	1	0.001412	0.002882
つけ	1	0.001412	0.002882
カテゴリ	2	0.002825	0.002825
000	1	0.001412	0.002824
テレビ	1	0.001412	0.002824
雑誌	1	0.001412	0.002824
伴い	1	0.001412	0.002824
広く	1	0.001412	0.002824
対象	1	0.001412	0.002759
同様	1	0.001412	0.002759
ポータル	1	0.001412	0.002759
97	1	0.001412	0.002759
生まれ	1	0.001412	0.002687
専門	1	0.001412	0.002687
平成	1	0.001412	0.002605
センター	1	0.001412	0.002605
持つ	1	0.001412	0.002605
1995	1	0.001412	0.002605
目的	1	0.001412	0.002605
他	1	0.001412	0.002605
ウィキメディア・コモンズ	1	0.001412	0.002605
バス	1	0.001412	0.002605
km	1	0.001412	0.002511
2010	1	0.001412	0.002511
可能	1	0.001412	0.002399
万	1	0.001412	0.002399
1980	1	0.001412	0.002399
AA	1	0.001412	0.002399
BA	1	0.001412	0.002399
AB	1	0.001412	0.002399
呼ば	1	0.001412	0.002262
行わ	1	0.001412	0.002262
情報	1	0.001412	0.002262
隠す	1	0.001412	0.002262
2000	1	0.001412	0.002262
90	1	0.001412	0.002262
AD	1	0.001412	0.002262
81	1	0.001412	0.002262
BC	1	0.001412	0.002262
三	1	0.001412	0.002086
C	1	0.001412	0.002086
見	1	0.001412	0.002086
あっ	1	0.001412	0.002086
14	1	0.001412	0.002086
受け	1	0.001412	0.002086
16	1	0.001412	0.002086
15	1	0.001412	0.002086
歴史	1	0.001412	0.002086
BB	1	0.001412	0.002086
なる	1	0.001412	0.001837
なり	1	0.001412	0.001837
あり	1	0.001412	0.001837
・	1	0.001412	0.001837
歴	1	0.001412	0.001837
出典	1	0.001412	0.001412
フリー	1	0.001412	0.001412
百科	1	0.001412	0.001412
事典	1	0.001412	0.001412
ウィキペディア	1	0.001412	0.001412
Wikipedia	1	0.001412	0.001412
ナビゲーション	1	0.001412	0.001412
目次	1	0.001412	0.001412
日本	1	0.001412	0.001412
http	1	0.001412	0.001412
ja	1	0.001412	0.001412
wikipedia	1	0.001412	0.001412
org	1	0.001412	0.001412
wiki	1	0.001412	0.001412
B	1	0.001412	0.001412
