コール	8	0.026578	0.066937
マン	8	0.026578	0.057040
ロナルド	6	0.019934	0.053801
Ronald	4	0.013289	0.039867
Colman	4	0.013289	0.039867
The	4	0.013289	0.027630
俳優	3	0.009967	0.023900
舞台	3	0.009967	0.023900
スター	3	0.009967	0.023900
1947	3	0.009967	0.021968
1958	3	0.009967	0.020723
イギリス	3	0.009967	0.020347
Charles	2	0.006645	0.019935
男優	2	0.006645	0.019935
1891	2	0.006645	0.017935
リッチモンド	2	0.006645	0.017935
プロフィール	2	0.006645	0.016736
アカデミー	2	0.006645	0.016736
1	5	0.016611	0.016611
1956	2	0.006645	0.015934
本名	2	0.006645	0.015290
1925	2	0.006645	0.015290
世界	3	0.009967	0.014722
人気	2	0.006645	0.014646
1937	2	0.006645	0.014646
1920	2	0.006645	0.014261
1942	2	0.006645	0.014261
1941	2	0.006645	0.013565
1960	2	0.006645	0.013565
男	2	0.006645	0.013290
2	4	0.013289	0.013289
月	4	0.013289	0.013289
of	2	0.006645	0.012986
19	2	0.006645	0.011290
主	2	0.006645	0.010646
作品	2	0.006645	0.010646
し	3	0.009967	0.009967
する	3	0.009967	0.009967
配偶	1	0.003322	0.009966
Thelma	1	0.003322	0.009966
Raye	1	0.003322	0.009966
Benita	1	0.003322	0.009966
Hume	1	0.003322	0.009966
イングランド	1	0.003322	0.009966
サリー	1	0.003322	0.009966
裕福	1	0.003322	0.009966
ケンブリッジ大学	1	0.003322	0.009966
博し	1	0.003322	0.009966
トーキー	1	0.003322	0.009966
黎明	1	0.003322	0.009966
口ひげ	1	0.003322	0.009966
ホワイト	1	0.003322	0.009966
シスター	1	0.003322	0.009966
White	1	0.003322	0.009966
Sister	1	0.003322	0.009966
ロモラ	1	0.003322	0.009966
Romola	1	0.003322	0.009966
ステラ・ダラス	1	0.003322	0.009966
Stella	1	0.003322	0.009966
Dallas	1	0.003322	0.009966
ウィンダミア	1	0.003322	0.009966
扇	1	0.003322	0.009966
Lady	1	0.003322	0.009966
Windermere	1	0.003322	0.009966
Fan	1	0.003322	0.009966
ボー・ジェスト	1	0.003322	0.009966
Beau	1	0.003322	0.009966
Geste	1	0.003322	0.009966
曳か	1	0.003322	0.009966
Condemned	1	0.003322	0.009966
Masquerader	1	0.003322	0.009966
旗	1	0.003322	0.009966
Tale	1	0.003322	0.009966
Two	1	0.003322	0.009966
Cities	1	0.003322	0.009966
ゼンダ	1	0.003322	0.009966
虜	1	0.003322	0.009966
Prison	1	0.003322	0.009966
Zenda	1	0.003322	0.009966
失は	1	0.003322	0.009966
地平線	1	0.003322	0.009966
Horizon	1	0.003322	0.009966
灯	1	0.003322	0.009966
Light	1	0.003322	0.009966
That	1	0.003322	0.009966
Failed	1	0.003322	0.009966
Random	1	0.003322	0.009966
Harvest	1	0.003322	0.009966
Double	1	0.003322	0.009966
Around	1	0.003322	0.009966
World	1	0.003322	0.009966
Eighty	1	0.003322	0.009966
Days	1	0.003322	0.009966
サミュエル・ゴールドウィン	1	0.003322	0.009966
ムービー	1	0.003322	0.009966
ゲイリー	1	0.003322	0.009966
クーパー	1	0.003322	0.009966
ジェームズ・キャグニー	1	0.003322	0.009966
ルーカス	1	0.003322	0.009966
ビング・クロスビー	1	0.003322	0.009966
レイ・ミランド	1	0.003322	0.009966
フレドリック・マーチ	1	0.003322	0.009966
ローレンス・オリヴィエ	1	0.003322	0.009966
ブロデリック・クロフォード	1	0.003322	0.009966
ホセ・フェラー	1	0.003322	0.009966
ハンフリー	1	0.003322	0.009966
ボガート	1	0.003322	0.009966
ゲーリー・クーパー	1	0.003322	0.009966
ウィリアム・ホールデン	1	0.003322	0.009966
マーロン・ブランド	1	0.003322	0.009966
アーネスト・ボーグナイン	1	0.003322	0.009966
ユル・ブリンナー	1	0.003322	0.009966
アレック・ギネス	1	0.003322	0.009966
デヴィッド・ニーヴン	1	0.003322	0.009966
チャールトン	1	0.003322	0.009966
ヘストン	1	0.003322	0.009966
バート・ランカスター	1	0.003322	0.009966
エンジニアリング	1	0.003322	0.008966
本国	1	0.003322	0.008966
各国	1	0.003322	0.008966
仮面	1	0.003322	0.008966
Lost	1	0.003322	0.008966
旅路	1	0.003322	0.008966
キネマ旬報	1	0.003322	0.008966
ベストテン	1	0.003322	0.008966
Life	1	0.003322	0.008966
外部	2	0.006645	0.008645
二	2	0.006645	0.008645
67	1	0.003322	0.008367
商人	1	0.003322	0.008367
家庭	1	0.003322	0.008367
死	1	0.003322	0.008367
トレードマーク	1	0.003322	0.008367
1923	1	0.003322	0.008367
1924	1	0.003322	0.008367
データベース	1	0.003322	0.008367
ポール	1	0.003322	0.008367
年月日	1	0.003322	0.007966
58	1	0.003322	0.007966
ひ	1	0.003322	0.007966
消え	1	0.003322	0.007966
インターネット	1	0.003322	0.007966
1946	1	0.003322	0.007966
1949	1	0.003322	0.007966
生年月日	1	0.003322	0.007644
国籍	1	0.003322	0.007644
学ぶ	1	0.003322	0.007644
父親	1	0.003322	0.007644
1926	1	0.003322	0.007644
嵐	1	0.003322	0.007644
1943	1	0.003322	0.007644
1944	1	0.003322	0.007644
1948	1	0.003322	0.007644
1951	1	0.003322	0.007644
1954	1	0.003322	0.007644
1940	1	0.003322	0.007644
ロンドン	1	0.003322	0.007322
なら	1	0.003322	0.007322
夫人	1	0.003322	0.007322
1933	1	0.003322	0.007322
1939	1	0.003322	0.007322
マルチメディア	1	0.003322	0.007322
1957	1	0.003322	0.007322
1938	1	0.003322	0.007129
1929	1	0.003322	0.007129
1935	1	0.003322	0.007129
1952	1	0.003322	0.007129
1953	1	0.003322	0.007129
1959	1	0.003322	0.007129
リスト	1	0.003322	0.007129
1928	1	0.003322	0.007129
1961	1	0.003322	0.007129
大戦	1	0.003322	0.006907
in	1	0.003322	0.006907
1950	1	0.003322	0.006907
1955	1	0.003322	0.006907
1981	1	0.003322	0.006907
34	1	0.003322	0.006782
9	2	0.006645	0.006645
5	2	0.006645	0.006645
3	2	0.006645	0.006645
項目	2	0.006645	0.006645
日本	2	0.006645	0.006645
A	2	0.006645	0.006645
s	1	0.003322	0.006644
the	1	0.003322	0.006644
1945	1	0.003322	0.006644
高い	1	0.003322	0.006492
生まれ	1	0.003322	0.006322
映画	1	0.003322	0.006322
ウィキメディア・コモンズ	1	0.003322	0.006129
英語	1	0.003322	0.006129
アメリカ	1	0.003322	0.005644
1980	1	0.003322	0.005644
出身	1	0.003322	0.005322
呼ば	1	0.003322	0.005322
80	1	0.003322	0.005322
隠す	1	0.003322	0.005322
2000	1	0.003322	0.005322
2001	1	0.003322	0.005322
三	1	0.003322	0.004907
一	1	0.003322	0.004322
なる	1	0.003322	0.004322
なり	1	0.003322	0.004322
あり	1	0.003322	0.004322
・	1	0.003322	0.004322
歴	1	0.003322	0.004322
出典	1	0.003322	0.003322
フリー	1	0.003322	0.003322
百科	1	0.003322	0.003322
事典	1	0.003322	0.003322
ウィキペディア	1	0.003322	0.003322
Wikipedia	1	0.003322	0.003322
ナビゲーション	1	0.003322	0.003322
目次	1	0.003322	0.003322
4	1	0.003322	0.003322
なっ	1	0.003322	0.003322
