の	96	0.041113	0.041113
。	89	0.038116	0.038116
、	69	0.029550	0.029550
与六	20	0.008565	0.025695
に	52	0.022270	0.022270
を	51	0.021842	0.021842
漫画	20	0.008565	0.018878
続	14	0.005996	0.017988
%	42	0.017987	0.017987
て	40	0.017131	0.017131
で	39	0.016702	0.016702
直江	13	0.005567	0.016701
家	26	0.011135	0.016448
兼	16	0.006852	0.016431
）	33	0.014133	0.014133
信長	12	0.005139	0.013870
（	32	0.013704	0.013704
と	31	0.013276	0.013276
上杉	12	0.005139	0.012943
は	29	0.012420	0.012420
が	27	0.011563	0.011563
た	26	0.011135	0.011135
|	26	0.011135	0.011135
し	24	0.010278	0.010278
2	22	0.009422	0.009422
謙信	8	0.003426	0.009247
慶	9	0.003854	0.009242
-	21	0.008994	0.008994
.	21	0.008994	0.008994
家臣	7	0.002998	0.008994
樋口	8	0.003426	0.008215
前田	7	0.002998	0.008092
[	18	0.007709	0.007709
]	18	0.007709	0.007709
織田	7	0.002998	0.007551
「	17	0.007281	0.007281
・	17	0.007281	0.007281
編集	17	0.007281	0.007281
義	6	0.002570	0.006936
作品	10	0.004283	0.006862
いる	16	0.006852	0.006852
E	16	0.006852	0.006852
景勝	6	0.002570	0.006473
次月	5	0.002141	0.006423
1	14	0.005996	0.005996
」	14	0.005996	0.005996
堂々	5	0.002141	0.005778
語り	5	0.002141	0.005778
　	10	0.004283	0.005572
巻	6	0.002570	0.005516
9	12	0.005139	0.005139
雲	4	0.001713	0.005139
雲洞	4	0.001713	0.005139
見物	4	0.001713	0.005139
茂助	4	0.001713	0.005139
景綱	4	0.001713	0.005139
仙	4	0.001713	0.005139
連載	5	0.002141	0.004719
さ	11	0.004711	0.004711
れ	11	0.004711	0.004711
主人公	4	0.001713	0.004623
庵	4	0.001713	0.004623
安土	4	0.001713	0.004623
越後	4	0.001713	0.004623
桃	4	0.001713	0.004623
かげ	4	0.001713	0.004623
羽柴	4	0.001713	0.004623
え	5	0.002141	0.004595
週刊	4	0.001713	0.004314
する	10	0.004283	0.004283
3	10	0.004283	0.004283
風	5	0.002141	0.004282
次	6	0.002570	0.004117
→	5	0.002141	0.003950
-」	3	0.001285	0.003855
コミックバンチ	3	0.001285	0.003855
政景	3	0.001285	0.003855
泉沢	3	0.001285	0.003855
いくさ	3	0.001285	0.003855
フジ	3	0.001285	0.003855
も	9	0.003854	0.003854
原作	4	0.001713	0.003776
院	4	0.001713	0.003562
城主	3	0.001285	0.003468
民	3	0.001285	0.003468
秀吉	3	0.001285	0.003468
久	3	0.001285	0.003468
本	5	0.002141	0.003430
う	5	0.002141	0.003430
い	8	0.003426	0.003426
年	8	0.003426	0.003426
として	8	0.003426	0.003426
発売	4	0.001713	0.003348
第	6	0.002570	0.003344
仕え	3	0.001285	0.003236
すぎ	3	0.001285	0.003236
長尾	3	0.001285	0.003236
石田	3	0.001285	0.003236
たち	4	0.001713	0.003161
ひ	3	0.001285	0.003081
うえ	3	0.001285	0.003081
お	4	0.001713	0.003046
から	7	0.002998	0.002998
4	7	0.002998	0.002998
れる	7	0.002998	0.002998
な	7	0.002998	0.002998
6	7	0.002998	0.002998
A	7	0.002998	0.002998
戦国	3	0.001285	0.002832
作	3	0.001285	0.002832
一	5	0.002141	0.002786
前	5	0.002141	0.002786
城	3	0.001285	0.002758
来	3	0.001285	0.002758
父	3	0.001285	0.002623
つぐ	2	0.000857	0.002571
まえ	2	0.000857	0.002571
仲間	2	0.000857	0.002571
朝廷	2	0.000857	0.002571
あだ名	2	0.000857	0.002571
焙烙	2	0.000857	0.002571
側近	2	0.000857	0.002571
惣右衛門	2	0.000857	0.002571
銀山	2	0.000857	0.002571
奉行	2	0.000857	0.002571
景虎	2	0.000857	0.002571
北条	2	0.000857	0.002571
定満	2	0.000857	0.002571
久秀	2	0.000857	0.002571
ひで	2	0.000857	0.002571
又五郎	2	0.000857	0.002571
小姓	2	0.000857	0.002571
とても	2	0.000857	0.002571
利家	2	0.000857	0.002571
伴	2	0.000857	0.002571
三成	2	0.000857	0.002571
拳	2	0.000857	0.002571
者	6	0.002570	0.002570
5	6	0.002570	0.002570
日	6	0.002570	0.002570
人	6	0.002570	0.002570
B	6	0.002570	0.002570
雑誌	3	0.001285	0.002570
人物	4	0.001713	0.002530
花	3	0.001285	0.002445
ん	3	0.001285	0.002445
!	3	0.001285	0.002371
かね	2	0.000857	0.002313
堀江	2	0.000857	0.002313
一門	2	0.000857	0.002313
単行	2	0.000857	0.002313
修行	2	0.000857	0.002313
盗	2	0.000857	0.002313
隠し	2	0.000857	0.002313
妙	2	0.000857	0.002313
毘沙門天	2	0.000857	0.002313
養子	2	0.000857	0.002313
出会い	2	0.000857	0.002313
関白	2	0.000857	0.002313
連れ	2	0.000857	0.002313
登場	3	0.001285	0.002285
2010	3	0.001285	0.002285
85	3	0.001285	0.002183
作画	2	0.000857	0.002158
一族	2	0.000857	0.002158
語る	2	0.000857	0.002158
野	2	0.000857	0.002158
出来	2	0.000857	0.002158
鬼	2	0.000857	0.002158
項目	5	0.002141	0.002141
(	5	0.002141	0.002141
)	5	0.002141	0.002141
月	5	0.002141	0.002141
殺害	2	0.000857	0.002055
郎	2	0.000857	0.002055
大名	2	0.000857	0.001972
あたる	2	0.000857	0.001972
乱	2	0.000857	0.001972
伝え	2	0.000857	0.001972
978	2	0.000857	0.001972
なお	3	0.001285	0.001898
き	3	0.001285	0.001898
豊	2	0.000857	0.001889
船	2	0.000857	0.001889
結婚	2	0.000857	0.001889
心	2	0.000857	0.001889
左	2	0.000857	0.001889
取っ	2	0.000857	0.001839
さん	2	0.000857	0.001782
原	2	0.000857	0.001749
子供	2	0.000857	0.001714
:	4	0.001713	0.001713
『	4	0.001713	0.001713
ない	4	0.001713	0.001713
その	4	0.001713	0.001713
ある	4	0.001713	0.001713
ため	4	0.001713	0.001713
7	4	0.001713	0.001713
8	4	0.001713	0.001713
通称	2	0.000857	0.001675
です	3	0.001285	0.001672
中	3	0.001285	0.001672
だ	3	0.001285	0.001672
生まれ	2	0.000857	0.001631
十	2	0.000857	0.001631
番組	2	0.000857	0.001581
ください	2	0.000857	0.001581
担当	2	0.000857	0.001581
女性	2	0.000857	0.001581
代	2	0.000857	0.001581
戦	2	0.000857	0.001581
権	2	0.000857	0.001581
内容	2	0.000857	0.001524
ここ	2	0.000857	0.001524
歳	2	0.000857	0.001524
つ	2	0.000857	0.001524
とき	2	0.000857	0.001524
ISBN	2	0.000857	0.001524
その他	2	0.000857	0.001456
2009	2	0.000857	0.001456
PJ	2	0.000857	0.001456
に関する	2	0.000857	0.001373
概要	2	0.000857	0.001373
当時	2	0.000857	0.001373
呼ば	2	0.000857	0.001373
〜	2	0.000857	0.001373
』	3	0.001285	0.001285
この	3	0.001285	0.001285
日本	3	0.001285	0.001285
こと	3	0.001285	0.001285
/	3	0.001285	0.001285
完結	1	0.000428	0.001284
まとまっ	1	0.000428	0.001284
-』（	1	0.000428	0.001284
ぎふうどうどう	1	0.000428	0.001284
哲夫	1	0.000428	0.001284
信彦	1	0.000428	0.001284
武村	1	0.000428	0.001284
勇治	1	0.000428	0.001284
柴	1	0.000428	0.001284
スピンアウト	1	0.000428	0.001284
莫逆	1	0.000428	0.001284
アイディア	1	0.000428	0.001284
隠棲	1	0.000428	0.001284
語り手	1	0.000428	0.001284
若き	1	0.000428	0.001284
回想	1	0.000428	0.001284
書か	1	0.000428	0.001284
事績	1	0.000428	0.001284
下さい	1	0.000428	0.001284
破天荒	1	0.000428	0.001284
球	1	0.000428	0.001284
結び付け	1	0.000428	0.001284
幼い	1	0.000428	0.001284
掘り起こし	1	0.000428	0.001284
文珍	1	0.000428	0.001284
赴き	1	0.000428	0.001284
正体	1	0.000428	0.001284
風格	1	0.000428	0.001284
古老	1	0.000428	0.001284
見透かさ	1	0.000428	0.001284
すけ	1	0.000428	0.001284
坊主	1	0.000428	0.001284
珍	1	0.000428	0.001284
女房	1	0.000428	0.001284
殺さ	1	0.000428	0.001284
追い	1	0.000428	0.001284
粋	1	0.000428	0.001284
らい	1	0.000428	0.001284
従者	1	0.000428	0.001284
頼ま	1	0.000428	0.001284
鉄扇	1	0.000428	0.001284
稼業	1	0.000428	0.001284
思う	1	0.000428	0.001284
預け	1	0.000428	0.001284
おせん	1	0.000428	0.001284
男勝り	1	0.000428	0.001284
鎧	1	0.000428	0.001284
同伴	1	0.000428	0.001284
薙刀	1	0.000428	0.001284
名手	1	0.000428	0.001284
御館	1	0.000428	0.001284
菩提	1	0.000428	0.001284
弔お	1	0.000428	0.001284
なろ	1	0.000428	0.001284
説得	1	0.000428	0.001284
宿老	1	0.000428	0.001284
段階	1	0.000428	0.001284
眉間	1	0.000428	0.001284
刻ま	1	0.000428	0.001284
けんし	1	0.000428	0.001284
国主	1	0.000428	0.001284
春日山	1	0.000428	0.001284
己	1	0.000428	0.001284
生きる	1	0.000428	0.001284
敢えて	1	0.000428	0.001284
幾多	1	0.000428	0.001284
負け	1	0.000428	0.001284
化身	1	0.000428	0.001284
羨まし	1	0.000428	0.001284
うい	1	0.000428	0.001284
義兄弟	1	0.000428	0.001284
化粧	1	0.000428	0.001284
おまさ	1	0.000428	0.001284
坂戸	1	0.000428	0.001284
宇佐美	1	0.000428	0.001284
激昂	1	0.000428	0.001284
入水	1	0.000428	0.001284
野尻	1	0.000428	0.001284
飛び込み	1	0.000428	0.001284
溺死	1	0.000428	0.001284
いずみ	1	0.000428	0.001284
ざわ	1	0.000428	0.001284
喜平	1	0.000428	0.001284
人差し指	1	0.000428	0.001284
遠山	1	0.000428	0.001284
康光	1	0.000428	0.001284
おやま	1	0.000428	0.001284
やすみ	1	0.000428	0.001284
おだ	1	0.000428	0.001284
安土山	1	0.000428	0.001284
運ぶ	1	0.000428	0.001284
人足	1	0.000428	0.001284
肉体	1	0.000428	0.001284
曰く	1	0.000428	0.001284
産湯	1	0.000428	0.001284
つかり	1	0.000428	0.001284
血	1	0.000428	0.001284
大義	1	0.000428	0.001284
妨げる	1	0.000428	0.001284
滅す	1	0.000428	0.001284
算盤	1	0.000428	0.001284
丹羽	1	0.000428	0.001284
長秀	1	0.000428	0.001284
佐和	1	0.000428	0.001284
築城	1	0.000428	0.001284
普請	1	0.000428	0.001284
勤める	1	0.000428	0.001284
恐ろしい	1	0.000428	0.001284
顔つき	1	0.000428	0.001284
酔っ払い	1	0.000428	0.001284
やれ	1	0.000428	0.001284
意外	1	0.000428	0.001284
人間らしい	1	0.000428	0.001284
岡部	1	0.000428	0.001284
又右衛門	1	0.000428	0.001284
おか	1	0.000428	0.001284
指図	1	0.000428	0.001284
太郎左衛門	1	0.000428	0.001284
ざえもん	1	0.000428	0.001284
甲賀	1	0.000428	0.001284
忍び	1	0.000428	0.001284
左目	1	0.000428	0.001284
傷つい	1	0.000428	0.001284
はし	1	0.000428	0.001284
ひでよ	1	0.000428	0.001284
猿	1	0.000428	0.001284
極度	1	0.000428	0.001284
女好き	1	0.000428	0.001284
機転	1	0.000428	0.001284
策略	1	0.000428	0.001284
尾張	1	0.000428	0.001284
弁	1	0.000428	0.001284
一目	1	0.000428	0.001284
裁	1	0.000428	0.001284
みつ	1	0.000428	0.001284
佐吉	1	0.000428	0.001284
豊臣	1	0.000428	0.001284
くの一	1	0.000428	0.001284
装っ	1	0.000428	0.001284
惚れ	1	0.000428	0.001284
帰っ	1	0.000428	0.001284
裸足	1	0.000428	0.001284
駆け出し	1	0.000428	0.001284
出迎え	1	0.000428	0.001284
盟友	1	0.000428	0.001284
与し	1	0.000428	0.001284
弱点	1	0.000428	0.001284
進藤	1	0.000428	0.001284
長治	1	0.000428	0.001284
しんどう	1	0.000428	0.001284
はる	1	0.000428	0.001284
京	1	0.000428	0.001284
えひめ	1	0.000428	0.001284
実母	1	0.000428	0.001284
ざ	1	0.000428	0.001284
斬り	1	0.000428	0.001284
仇名	1	0.000428	0.001284
手下	1	0.000428	0.001284
わかり	1	0.000428	0.001284
好む	1	0.000428	0.001284
盗品	1	0.000428	0.001284
奪い返す	1	0.000428	0.001284
横行	1	0.000428	0.001284
振るう	1	0.000428	0.001284
僧形	1	0.000428	0.001284
片目	1	0.000428	0.001284
抜か	1	0.000428	0.001284
一命	1	0.000428	0.001284
とりとめ	1	0.000428	0.001284
眼帯	1	0.000428	0.001284
憎ん	1	0.000428	0.001284
仇	1	0.000428	0.001284
討ち	1	0.000428	0.001284
砦	1	0.000428	0.001284
助太刀	1	0.000428	0.001284
翻弄	1	0.000428	0.001284
あげく	1	0.000428	0.001284
太刀	1	0.000428	0.001284
死ぬ	1	0.000428	0.001284
771447	1	0.000428	0.001284
771472	1	0.000428	0.001284
アタック	1	0.000428	0.001284
ウッドストック	1	0.000428	0.001284
ウロボロス	1	0.000428	0.001284
ミソ	1	0.000428	0.001284
キャバクラ	1	0.000428	0.001284
咲く	1	0.000428	0.001284
どくだみ	1	0.000428	0.001284
片桐	1	0.000428	0.001284
紅蓮	1	0.000428	0.001284
真田	1	0.000428	0.001284
雪村	1	0.000428	0.001284
すか	1	0.000428	0.001284
いとう	1	0.000428	0.001284
タイムズ	1	0.000428	0.001284
軍師	1	0.000428	0.001284
片倉	1	0.000428	0.001284
戯譚	1	0.000428	0.001284
天翔	1	0.000428	0.001284
ミキストリ	1	0.000428	0.001284
Season	1	0.000428	0.001284
レストアガレージ	1	0.000428	0.001284
251	1	0.000428	0.001284
車屋	1	0.000428	0.001284
隔週	1	0.000428	0.001284
エンジェル	1	0.000428	0.001284
蒼天	1	0.000428	0.001284
彷徨	1	0.000428	0.001284
北斗	1	0.000428	0.001284
ジュウザ	1	0.000428	0.001284
外伝	1	0.000428	0.001284
Un	1	0.000428	0.001284
グ・ラ・メ	1	0.000428	0.001284
宰相	1	0.000428	0.001284
失格	1	0.000428	0.001284
BTOOOM	1	0.000428	0.001284
マイガール	1	0.000428	0.001284
_-%	1	0.000428	0.001284
スピンオフ	1	0.000428	0.001284
16	2	0.000857	0.001266
時	2	0.000857	0.001266
しかし	2	0.000857	0.001266
ば	2	0.000857	0.001266
ある程度	1	0.000428	0.001155
新潮社	1	0.000428	0.001155
羽	1	0.000428	0.001155
切れ	1	0.000428	0.001155
もらい	1	0.000428	0.001155
あくまで	1	0.000428	0.001155
傾き	1	0.000428	0.001155
自他	1	0.000428	0.001155
腰	1	0.000428	0.001155
仕える	1	0.000428	0.001155
実子	1	0.000428	0.001155
計	1	0.000428	0.001155
鍛冶	1	0.000428	0.001155
ぐち	1	0.000428	0.001155
養父	1	0.000428	0.001155
性格	1	0.000428	0.001155
夫	1	0.000428	0.001155
信綱	1	0.000428	0.001155
尼	1	0.000428	0.001155
嫡男	1	0.000428	0.001155
筋	1	0.000428	0.001155
利	1	0.000428	0.001155
掲げ	1	0.000428	0.001155
崇め	1	0.000428	0.001155
ぷり	1	0.000428	0.001155
せん	1	0.000428	0.001155
接する	1	0.000428	0.001155
とら	1	0.000428	0.001155
上田	1	0.000428	0.001155
衆	1	0.000428	0.001155
癖	1	0.000428	0.001155
のぶ	1	0.000428	0.001155
見学	1	0.000428	0.001155
尊重	1	0.000428	0.001155
すら	1	0.000428	0.001155
いえ	1	0.000428	0.001155
わな	1	0.000428	0.001155
四天王	1	0.000428	0.001155
踊り	1	0.000428	0.001155
べ	1	0.000428	0.001155
大工	1	0.000428	0.001155
棟梁	1	0.000428	0.001155
所持	1	0.000428	0.001155
たろ	1	0.000428	0.001155
頭領	1	0.000428	0.001155
きく	1	0.000428	0.001155
いしだ	1	0.000428	0.001155
志乃	1	0.000428	0.001155
しの	1	0.000428	0.001155
遊女	1	0.000428	0.001155
近衛	1	0.000428	0.001155
さき	1	0.000428	0.001155
昔	1	0.000428	0.001155
司	1	0.000428	0.001155
妹	1	0.000428	0.001155
口癖	1	0.000428	0.001155
刀	1	0.000428	0.001155
奴隷	1	0.000428	0.001155
奪わ	1	0.000428	0.001155
つける	1	0.000428	0.001155
向かい	1	0.000428	0.001155
玉	1	0.000428	0.001155
いぬ	1	0.000428	0.001155
花道	1	0.000428	0.001155
伊達	1	0.000428	0.001155
蝶	1	0.000428	0.001155
龍	1	0.000428	0.001155
同居	1	0.000428	0.001155
nd	1	0.000428	0.001155
なみ	1	0.000428	0.001155
コンシェルジュ	1	0.000428	0.001155
{{	1	0.000428	0.001155
Manga	1	0.000428	0.001155
artist	1	0.000428	0.001155
stub	1	0.000428	0.001155
}}	1	0.000428	0.001155
表	2	0.000857	0.001115
話	2	0.000857	0.001115
編	2	0.000857	0.001115
歴	2	0.000857	0.001115
：	2	0.000857	0.001115
現在	2	0.000857	0.001115
10	2	0.000857	0.001115
0	2	0.000857	0.001115
ストーリー	1	0.000428	0.001078
描き	1	0.000428	0.001078
友	1	0.000428	0.001078
ご覧	1	0.000428	0.001078
幼名	1	0.000428	0.001078
あろ	1	0.000428	0.001078
職業	1	0.000428	0.001078
住む	1	0.000428	0.001078
不思議	1	0.000428	0.001078
縦	1	0.000428	0.001078
がっ	1	0.000428	0.001078
姉	1	0.000428	0.001078
正室	1	0.000428	0.001078
代わり	1	0.000428	0.001078
救助	1	0.000428	0.001078
共に	1	0.000428	0.001078
鼻	1	0.000428	0.001078
見え	1	0.000428	0.001078
武家	1	0.000428	0.001078
常に	1	0.000428	0.001078
山城	1	0.000428	0.001078
踊る	1	0.000428	0.001078
もん	1	0.000428	0.001078
ばん	1	0.000428	0.001078
置き	1	0.000428	0.001078
若い	1	0.000428	0.001078
故人	1	0.000428	0.001078
商人	1	0.000428	0.001078
草	1	0.000428	0.001078
くん	1	0.000428	0.001078
馬	1	0.000428	0.001078
離婚	1	0.000428	0.001078
ハート	1	0.000428	0.001078
_%	1	0.000428	0.001078
劇	1	0.000428	0.001026
当該	1	0.000428	0.001026
ぶり	1	0.000428	0.001026
認める	1	0.000428	0.001026
言っ	1	0.000428	0.001026
自殺	1	0.000428	0.001026
命令	1	0.000428	0.001026
のに	1	0.000428	0.001026
着	1	0.000428	0.001026
にわたって	1	0.000428	0.001026
深く	1	0.000428	0.001026
信仰	1	0.000428	0.001026
生母	1	0.000428	0.001026
付	1	0.000428	0.001026
選ば	1	0.000428	0.001026
類似	1	0.000428	0.001026
普段	1	0.000428	0.001026
頭	1	0.000428	0.001026
しまい	1	0.000428	0.001026
戦う	1	0.000428	0.001026
姫	1	0.000428	0.001026
超える	1	0.000428	0.001026
裁判	1	0.000428	0.001026
懲役	1	0.000428	0.001026
獣	1	0.000428	0.001026
彼女	1	0.000428	0.001026
料理	1	0.000428	0.001026
貼り	1	0.000428	0.001026
まだ	1	0.000428	0.000985
形式	1	0.000428	0.000985
周囲	1	0.000428	0.000985
共	1	0.000428	0.000985
土	1	0.000428	0.000985
くる	1	0.000428	0.000985
ね	1	0.000428	0.000985
娘	1	0.000428	0.000985
池	1	0.000428	0.000985
身	1	0.000428	0.000985
解放	1	0.000428	0.000985
信濃	1	0.000428	0.000985
猫	1	0.000428	0.000985
II	1	0.000428	0.000985
継続	1	0.000428	0.000985
自ら	1	0.000428	0.000943
すぐ	1	0.000428	0.000943
オリジナル	1	0.000428	0.000943
しよ	1	0.000428	0.000943
母	1	0.000428	0.000943
宗	1	0.000428	0.000943
!!	1	0.000428	0.000943
どう	1	0.000428	0.000943
夢	1	0.000428	0.000943
ウィキポータル	1	0.000428	0.000919
注意	1	0.000428	0.000919
似	1	0.000428	0.000919
裏	1	0.000428	0.000919
かつ	1	0.000428	0.000919
人々	1	0.000428	0.000919
右	1	0.000428	0.000919
石	1	0.000428	0.000919
有する	1	0.000428	0.000919
最も	1	0.000428	0.000919
様	1	0.000428	0.000919
やすい	1	0.000428	0.000919
付け	1	0.000428	0.000919
共同	1	0.000428	0.000890
よ	1	0.000428	0.000890
世	1	0.000428	0.000890
妻	1	0.000428	0.000890
ので	1	0.000428	0.000890
持っ	1	0.000428	0.000890
百	1	0.000428	0.000890
通常	1	0.000428	0.000890
人間	1	0.000428	0.000890
プロジェクト	1	0.000428	0.000874
じ	1	0.000428	0.000874
形態	1	0.000428	0.000874
キャラクター	1	0.000428	0.000874
もと	1	0.000428	0.000874
四	1	0.000428	0.000874
小	1	0.000428	0.000874
シリーズ	1	0.000428	0.000874
や	2	0.000857	0.000857
表示	2	0.000857	0.000857
カテゴリ	2	0.000857	0.000857
より	2	0.000857	0.000857
後	2	0.000857	0.000857
作成	2	0.000857	0.000857
など	2	0.000857	0.000857
あり	2	0.000857	0.000857
82	2	0.000857	0.000857
終了	1	0.000428	0.000856
思わ	1	0.000428	0.000856
呼ぶ	1	0.000428	0.000856
いっ	1	0.000428	0.000856
たり	1	0.000428	0.000836
50	1	0.000428	0.000836
物語	1	0.000428	0.000836
つつ	1	0.000428	0.000836
ながら	1	0.000428	0.000836
総	1	0.000428	0.000836
手	1	0.000428	0.000836
99	1	0.000428	0.000836
為	1	0.000428	0.000815
神	1	0.000428	0.000815
たい	1	0.000428	0.000815
彼	1	0.000428	0.000815
にて	1	0.000428	0.000790
誕生	1	0.000428	0.000790
各	1	0.000428	0.000790
とも	1	0.000428	0.000790
なら	1	0.000428	0.000790
道	1	0.000428	0.000790
せる	1	0.000428	0.000790
持つ	1	0.000428	0.000790
五	1	0.000428	0.000790
BE	1	0.000428	0.000790
頃	1	0.000428	0.000761
子	1	0.000428	0.000761
面	1	0.000428	0.000761
名前	1	0.000428	0.000761
ご	1	0.000428	0.000761
知ら	1	0.000428	0.000727
初	1	0.000428	0.000727
軍	1	0.000428	0.000727
長	1	0.000428	0.000727
94	1	0.000428	0.000727
AC	1	0.000428	0.000727
88	1	0.000428	0.000727
AA	1	0.000428	0.000727
だけ	1	0.000428	0.000686
2008	1	0.000428	0.000686
同	1	0.000428	0.000686
利用	1	0.000428	0.000686
分	1	0.000428	0.000686
21	1	0.000428	0.000686
行う	1	0.000428	0.000686
出身	1	0.000428	0.000686
場	1	0.000428	0.000686
のみ	1	0.000428	0.000686
隠す	1	0.000428	0.000686
P	1	0.000428	0.000686
80	1	0.000428	0.000686
BC	1	0.000428	0.000686
89	1	0.000428	0.000686
号	1	0.000428	0.000632
なかっ	1	0.000428	0.000632
歴史	1	0.000428	0.000632
上	1	0.000428	0.000632
等	1	0.000428	0.000632
および	1	0.000428	0.000632
名	1	0.000428	0.000632
か	1	0.000428	0.000632
間	1	0.000428	0.000632
三	1	0.000428	0.000632
元	1	0.000428	0.000632
見	1	0.000428	0.000632
書き	1	0.000428	0.000632
加筆	1	0.000428	0.000632
訂正	1	0.000428	0.000632
下さる	1	0.000428	0.000632
場合	1	0.000428	0.000632
F	1	0.000428	0.000632
D	1	0.000428	0.000632
C	1	0.000428	0.000632
よう	1	0.000428	0.000557
による	1	0.000428	0.000557
という	1	0.000428	0.000557
なる	1	0.000428	0.000557
られる	1	0.000428	0.000557
ず	1	0.000428	0.000557
られ	1	0.000428	0.000557
二	1	0.000428	0.000557
なり	1	0.000428	0.000557
により	1	0.000428	0.000557
によって	1	0.000428	0.000557
大	1	0.000428	0.000557
かけ	1	0.000428	0.000557
協力	1	0.000428	0.000557
求め	1	0.000428	0.000557
ます	1	0.000428	0.000557
出典	1	0.000428	0.000428
フリー	1	0.000428	0.000428
百科	1	0.000428	0.000428
事典	1	0.000428	0.000428
ウィキペディア	1	0.000428	0.000428
Wikipedia	1	0.000428	0.000428
移動	1	0.000428	0.000428
ナビゲーション	1	0.000428	0.000428
,	1	0.000428	0.000428
検索	1	0.000428	0.000428
関連	1	0.000428	0.000428
リンク	1	0.000428	0.000428
目次	1	0.000428	0.000428
非	1	0.000428	0.000428
あっ	1	0.000428	0.000428
また	1	0.000428	0.000428
へ	1	0.000428	0.000428
http	1	0.000428	0.000428
://	1	0.000428	0.000428
ja	1	0.000428	0.000428
wikipedia	1	0.000428	0.000428
org	1	0.000428	0.000428
wiki	1	0.000428	0.000428
/%	1	0.000428	0.000428
