）	27	0.047957	0.047957
CIRCUS	8	0.014210	0.042630
、	24	0.042629	0.042629
%	20	0.035524	0.035524
の	19	0.033748	0.033748
（	19	0.033748	0.033748
年	15	0.026643	0.026643
きち	5	0.008881	0.026643
月	14	0.024867	0.024867
日	14	0.024867	0.024867
たつ	5	0.008881	0.023970
禁	4	0.007105	0.021315
?	6	0.010657	0.018950
18	6	0.010657	0.018950
名義	4	0.007105	0.017894
?（	4	0.007105	0.017894
。	10	0.017762	0.017762
81	6	0.010657	0.017073
コスモス	3	0.005329	0.015987
SUIKA	3	0.005329	0.015987
ゅ	3	0.005329	0.015987
3	9	0.015986	0.015986
2002	5	0.008881	0.015089
原画	3	0.005329	0.014383
げっ	3	0.005329	0.014383
ん	4	0.007105	0.013521
夏	4	0.007105	0.013109
ち	3	0.005329	0.012779
水	4	0.007105	0.012634
E	7	0.012433	0.012433
なか	3	0.005329	0.011437
で	6	0.010657	0.010657
7	6	0.010657	0.010657
入社	2	0.003552	0.010656
Aries	2	0.003552	0.010656
コム	2	0.003552	0.010656
ねる	2	0.003552	0.010656
Princess	2	0.003552	0.010656
Soft	2	0.003552	0.010656
PULLTOP	2	0.003552	0.010656
たか	2	0.003552	0.009587
イラストレーター	2	0.003552	0.009587
望む	2	0.003552	0.009587
age	2	0.003552	0.009587
29	3	0.005329	0.009054
25	3	0.005329	0.009054
千葉	2	0.003552	0.008946
た	5	0.008881	0.008881
8	5	0.008881	0.008881
2003	3	0.005329	0.008537
永遠	2	0.003552	0.008517
君	2	0.003552	0.008173
F	3	0.005329	0.007872
いく	2	0.003552	0.007829
ちゃん	2	0.003552	0.007829
デザイン	2	0.003552	0.007385
キャラクター	2	0.003552	0.007251
に	4	0.007105	0.007105
非	4	0.007105	0.007105
チーム	2	0.003552	0.007104
参加	2	0.003552	0.006554
旧	2	0.003552	0.006316
お	2	0.003552	0.006316
活動	2	0.003552	0.006035
28	2	0.003552	0.006035
出身	2	0.003552	0.005691
2000	2	0.003552	0.005691
2001	2	0.003552	0.005691
:	3	0.005329	0.005329
『	3	0.005329	0.005329
』	3	0.005329	0.005329
[	3	0.005329	0.005329
編集	3	0.005329	0.005329
]	3	0.005329	0.005329
より	3	0.005329	0.005329
を	3	0.005329	0.005329
と	3	0.005329	0.005329
も	3	0.005329	0.005329
9	3	0.005329	0.005329
-	3	0.005329	0.005329
いくた	1	0.001776	0.005328
生田	1	0.001776	0.005328
鷹	1	0.001776	0.005328
呑	1	0.001776	0.005328
ケモノ	1	0.001776	0.005328
野中	1	0.001776	0.005328
たつき	1	0.001776	0.005328
コンプティーク	1	0.001776	0.005328
ZIPS	1	0.001776	0.005328
ジップス	1	0.001776	0.005328
傘下	1	0.001776	0.005328
RISE	1	0.001776	0.005328
同人	1	0.001776	0.005328
闇	1	0.001776	0.005328
鍋	1	0.001776	0.005328
明日	1	0.001776	0.005328
ときめき	1	0.001776	0.005328
にゃ	1	0.001776	0.005328
WATER	1	0.001776	0.005328
PS	1	0.001776	0.005328
specification	1	0.001776	0.005328
ー・	1	0.001776	0.005328
157	1	0.001776	0.005328
さま	1	0.001776	0.005328
ひまわり	1	0.001776	0.005328
チャペル	1	0.001776	0.005328
Marron	1	0.001776	0.005328
トラ	1	0.001776	0.005328
!(	1	0.001776	0.005328
大国	1	0.001776	0.005328
アヂト	1	0.001776	0.005328
カイテンネコ	1	0.001776	0.005328
か	2	0.003552	0.005247
家	2	0.003552	0.005247
絵師	1	0.001776	0.004793
竜	1	0.001776	0.004793
角川書店	1	0.001776	0.004793
コンピューター	1	0.001776	0.004793
あに	1	0.001776	0.004793
む	1	0.001776	0.004793
他社	1	0.001776	0.004793
手がける	1	0.001776	0.004793
使う	1	0.001776	0.004793
SUMMER	1	0.001776	0.004793
DC	1	0.001776	0.004793
!!（	1	0.001776	0.004793
きみ	1	0.001776	0.004793
県	2	0.003552	0.004621
イラスト	1	0.001776	0.004473
描き	1	0.001776	0.004473
ブランド	1	0.001776	0.004473
関わり	1	0.001776	0.004473
まる	1	0.001776	0.004473
★	1	0.001776	0.004473
仮	1	0.001776	0.004473
希	1	0.001776	0.004259
直後	1	0.001776	0.004259
ごと	1	0.001776	0.004259
挑戦	1	0.001776	0.004259
!（	1	0.001776	0.004259
お願い	1	0.001776	0.004259
星	1	0.001776	0.004259
イオン	1	0.001776	0.004259
仕事	1	0.001776	0.004087
改名	1	0.001776	0.004087
独立	1	0.001776	0.004087
屋	1	0.001776	0.004087
年齢	1	0.001776	0.004087
ページ	1	0.001776	0.004087
漫画	1	0.001776	0.003915
ヶ月	1	0.001776	0.003915
ゲーム	1	0.001776	0.003915
再び	1	0.001776	0.003915
ー	1	0.001776	0.003915
しばしば	1	0.001776	0.003812
DVD	1	0.001776	0.003812
逆	1	0.001776	0.003812
裏	1	0.001776	0.003812
状	1	0.001776	0.003693
章	1	0.001776	0.003626
AE	1	0.001776	0.003626
フリー	2	0.003552	0.003552
は	2	0.003552	0.003552
日本	2	0.003552	0.003552
として	2	0.003552	0.003552
し	2	0.003552	0.003552
へ	2	0.003552	0.003552
が	2	0.003552	0.003552
て	2	0.003552	0.003552
.	2	0.003552	0.003552
|	2	0.003552	0.003552
経歴	1	0.001776	0.003552
雑誌	1	0.001776	0.003552
開発	1	0.001776	0.003552
84	1	0.001776	0.003552
発売	1	0.001776	0.003471
ながら	1	0.001776	0.003471
サイト	1	0.001776	0.003471
93	1	0.001776	0.003471
24	1	0.001776	0.003380
にて	1	0.001776	0.003277
各	1	0.001776	0.003277
担当	1	0.001776	0.003277
所属	1	0.001776	0.003158
27	1	0.001776	0.003158
知ら	1	0.001776	0.003017
及び	1	0.001776	0.003017
新	1	0.001776	0.003017
全	1	0.001776	0.003017
版	1	0.001776	0.003017
公式	1	0.001776	0.003017
作品	1	0.001776	0.002845
2008	1	0.001776	0.002845
数	1	0.001776	0.002623
間	1	0.001776	0.002623
その後	1	0.001776	0.002623
2004	1	0.001776	0.002623
2007	1	0.001776	0.002623
人物	1	0.001776	0.002623
現在	1	0.001776	0.002311
12	1	0.001776	0.002311
20	1	0.001776	0.002311
外部	1	0.001776	0.002311
出典	1	0.001776	0.001776
百科	1	0.001776	0.001776
事典	1	0.001776	0.001776
ウィキペディア	1	0.001776	0.001776
Wikipedia	1	0.001776	0.001776
移動	1	0.001776	0.001776
ナビゲーション	1	0.001776	0.001776
,	1	0.001776	0.001776
検索	1	0.001776	0.001776
れる	1	0.001776	0.001776
後	1	0.001776	0.001776
その	1	0.001776	0.001776
する	1	0.001776	0.001776
4	1	0.001776	0.001776
(	1	0.001776	0.001776
5	1	0.001776	0.001776
リンク	1	0.001776	0.001776
「	1	0.001776	0.001776
http	1	0.001776	0.001776
://	1	0.001776	0.001776
ja	1	0.001776	0.001776
wikipedia	1	0.001776	0.001776
org	1	0.001776	0.001776
/	1	0.001776	0.001776
wiki	1	0.001776	0.001776
/%	1	0.001776	0.001776
B	1	0.001776	0.001776
82	1	0.001776	0.001776
」	1	0.001776	0.001776
作成	1	0.001776	0.001776
カテゴリ	1	0.001776	0.001776
