清泉女子大学	19	0.018465	0.055395
清泉	16	0.015549	0.046647
学科	15	0.014577	0.033542
大学	17	0.016521	0.030483
人文	10	0.009718	0.029154
奨学	10	0.009718	0.029154
品川	11	0.010690	0.028852
文学	12	0.011662	0.027965
文化	16	0.015549	0.026417
課程	10	0.009718	0.023303
スペイン	10	0.009718	0.022361
キャンパス	8	0.007775	0.020984
地球	8	0.007775	0.020984
英文	7	0.006803	0.020409
東京	11	0.010690	0.018162
島津	6	0.005831	0.017493
聖心	6	0.005831	0.017493
キリスト	7	0.006803	0.017133
研究所	7	0.006803	0.016313
大学院	6	0.005831	0.015738
寮	6	0.005831	0.015738
修士	6	0.005831	0.015738
科学	8	0.007775	0.015194
1	15	0.014577	0.014577
公爵	5	0.004859	0.014577
神奈川	5	0.004859	0.014577
女学院	5	0.004859	0.014577
人間	7	0.006803	0.014145
し	14	0.013605	0.013605
教	6	0.005831	0.013417
学校	8	0.007775	0.013209
学院	5	0.004859	0.013114
3	13	0.012634	0.012634
4	13	0.012634	0.012634
市民	6	0.005831	0.012514
建	5	0.004859	0.012237
学生	6	0.005831	0.012124
2	12	0.011662	0.011662
文学部	4	0.003887	0.011661
理念	4	0.003887	0.011661
侍女	4	0.003887	0.011661
豊か	4	0.003887	0.011661
英語	6	0.005831	0.010759
高等	6	0.005831	0.010759
精神	5	0.004859	0.010710
女子大	4	0.003887	0.010491
横須賀	4	0.003887	0.010491
国文学	4	0.003887	0.010491
言語	5	0.004859	0.010428
1950	5	0.004859	0.010103
日本語	5	0.004859	0.010103
長野	5	0.004859	0.009919
学園	4	0.003887	0.009321
センター	5	0.004859	0.008965
思想	4	0.003887	0.008944
日本	9	0.008746	0.008746
さ	9	0.008746	0.008746
5	9	0.008746	0.008746
東五反田	3	0.002915	0.008745
育てる	3	0.002915	0.008745
山手	3	0.002915	0.008745
五反田	3	0.002915	0.008745
機関	5	0.004859	0.008640
徒歩	4	0.003887	0.008567
団体	4	0.003887	0.007935
本館	3	0.002915	0.007867
母体	3	0.002915	0.007867
留学生	3	0.002915	0.007867
なる	6	0.005831	0.007586
JR	4	0.003887	0.007397
私立	3	0.002915	0.007341
科目	3	0.002915	0.007341
歴史	5	0.004859	0.007177
人	4	0.003887	0.007172
国際	4	0.003887	0.007172
学部	3	0.002915	0.006990
人数	3	0.002915	0.006990
卒業生	3	0.002915	0.006990
学ぶ	3	0.002915	0.006708
建物	3	0.002915	0.006708
泉	3	0.002915	0.006708
女子	3	0.002915	0.006256
21	4	0.003887	0.006227
法人	3	0.002915	0.005951
名称	3	0.002915	0.005951
SEISEN	2	0.001944	0.005832
学内	2	0.001944	0.005832
ヒューマニズム	2	0.001944	0.005832
まこと	2	0.001944	0.005832
努める	2	0.001944	0.005832
エルネスティナ・ラマリョ	2	0.001944	0.005832
女学校	2	0.001944	0.005832
文科	2	0.001944	0.005832
各科	2	0.001944	0.005832
修業	2	0.001944	0.005832
学制	2	0.001944	0.005832
宮前平	2	0.001944	0.005832
表し	2	0.001944	0.005832
大崎	2	0.001944	0.005832
6	6	0.005831	0.005831
する	6	0.005831	0.005831
E	6	0.005831	0.005831
世界	4	0.003887	0.005742
サイト	3	0.002915	0.005697
校訓	2	0.001944	0.005247
是	2	0.001944	0.005247
サークル	2	0.001944	0.005247
他者	2	0.001944	0.005247
キリスト教	2	0.001944	0.005247
価値	2	0.001944	0.005247
麻布	2	0.001944	0.005247
家政	2	0.001944	0.005247
分け	2	0.001944	0.005247
年限	2	0.001944	0.005247
校舎	2	0.001944	0.005247
短期	2	0.001944	0.005247
カトリック	2	0.001944	0.005247
所在地	3	0.002915	0.005183
時代	4	0.003887	0.005057
10	4	0.003887	0.005057
公式	3	0.002915	0.004952
学	2	0.001944	0.004896
略歴	2	0.001944	0.004896
通じ	2	0.001944	0.004896
体育	2	0.001944	0.004896
基金	2	0.001944	0.004896
鎌倉	2	0.001944	0.004896
2001	3	0.002915	0.004670
基礎	2	0.001944	0.004662
対外	2	0.001944	0.004662
目指し	2	0.001944	0.004662
前身	2	0.001944	0.004662
定員	2	0.001944	0.004662
教授	2	0.001944	0.004662
年表	2	0.001944	0.004473
クラブ	2	0.001944	0.004473
自己	2	0.001944	0.004473
1944	2	0.001944	0.004473
吉田	2	0.001944	0.004473
宗教	2	0.001944	0.004473
16	3	0.002915	0.004306
本部	2	0.001944	0.004285
データ	2	0.001944	0.004285
愛	2	0.001944	0.004285
美術	2	0.001944	0.004285
1938	2	0.001944	0.004172
姉妹	2	0.001944	0.004172
1961	2	0.001944	0.004172
1962	2	0.001944	0.004172
博士	2	0.001944	0.004172
神	2	0.001944	0.004172
至る	2	0.001944	0.004172
外国	2	0.001944	0.004172
1941	2	0.001944	0.003968
1989	2	0.001944	0.003968
環境	2	0.001944	0.003968
沿革	2	0.001944	0.003888
自然	2	0.001944	0.003888
1945	2	0.001944	0.003888
A	4	0.003887	0.003887
対象	2	0.001944	0.003799
1994	2	0.001944	0.003799
形	2	0.001944	0.003700
女性	2	0.001944	0.003587
60	2	0.001944	0.003587
2005	2	0.001944	0.003303
可能	2	0.001944	0.003303
呼ば	2	0.001944	0.003114
AD	2	0.001944	0.003114
せんじ	1	0.000972	0.002916
ょしだいがく	1	0.000972	0.002916
University	1	0.000972	0.002916
せいせ	1	0.000972	0.002916
一人ひとり	1	0.000972	0.002916
思いやり	1	0.000972	0.002916
人格	1	0.000972	0.002916
触れ合い	1	0.000972	0.002916
自国	1	0.000972	0.002916
他国	1	0.000972	0.002916
優し	1	0.000972	0.002916
知	1	0.000972	0.002916
VERITAS	1	0.000972	0.002916
CARITAS	1	0.000972	0.002916
尊厳	1	0.000972	0.002916
創ら	1	0.000972	0.002916
主体性	1	0.000972	0.002916
ラファエラ・マリア	1	0.000972	0.002916
1877	1	0.000972	0.002916
マルセイユ	1	0.000972	0.002916
使徒	1	0.000972	0.002916
集い	1	0.000972	0.002916
恥ずかしく	1	0.000972	0.002916
三河台在旧志賀直哉邸	1	0.000972	0.002916
単科	1	0.000972	0.002916
将校	1	0.000972	0.002916
宿舎	1	0.000972	0.002916
日本銀行	1	0.000972	0.002916
三河	1	0.000972	0.002916
校章	1	0.000972	0.002916
輪郭	1	0.000972	0.002916
楯	1	0.000972	0.002916
正し	1	0.000972	0.002916
表わす	1	0.000972	0.002916
あしらわ	1	0.000972	0.002916
囲む	1	0.000972	0.002916
雪子	1	0.000972	0.002916
歌人	1	0.000972	0.002916
佐佐木	1	0.000972	0.002916
究め	1	0.000972	0.002916
ネイティヴスピーカー	1	0.000972	0.002916
クラス	1	0.000972	0.002916
学力	1	0.000972	0.002916
夏期	1	0.000972	0.002916
語学	1	0.000972	0.002916
通し	1	0.000972	0.002916
高める	1	0.000972	0.002916
ラテンアメリカ	1	0.000972	0.002916
見つめ	1	0.000972	0.002916
信じよ	1	0.000972	0.002916
視野	1	0.000972	0.002916
学際	1	0.000972	0.002916
ボランティア	1	0.000972	0.002916
ウエルネスセンター	1	0.000972	0.002916
春期	1	0.000972	0.002916
新入生	1	0.000972	0.002916
ガーデン	1	0.000972	0.002916
京浜東北	1	0.000972	0.002916
京浜急行	1	0.000972	0.002916
都営地下鉄	1	0.000972	0.002916
浅草線	1	0.000972	0.002916
東急	1	0.000972	0.002916
池上線	1	0.000972	0.002916
埼京線	1	0.000972	0.002916
かい	1	0.000972	0.002916
活気	1	0.000972	0.002916
あふれる	1	0.000972	0.002916
閑静	1	0.000972	0.002916
小高い	1	0.000972	0.002916
圏内	1	0.000972	0.002916
感じる	1	0.000972	0.002916
落ち着い	1	0.000972	0.002916
ジョサイア・コンドル	1	0.000972	0.002916
西洋	1	0.000972	0.002916
趣	1	0.000972	0.002916
重厚	1	0.000972	0.002916
行き届い	1	0.000972	0.002916
庭園	1	0.000972	0.002916
景観	1	0.000972	0.002916
見合わせ	1	0.000972	0.002916
藩邸	1	0.000972	0.002916
周り	1	0.000972	0.002916
7	3	0.002915	0.002915
8	3	0.002915	0.002915
ある	3	0.002915	0.002915
B	3	0.002915	0.002915
できる	2	0.001944	0.002872
せい	1	0.000972	0.002623
コミュニケーション	1	0.000972	0.002623
愛する	1	0.000972	0.002623
et	1	0.000972	0.002623
真理	1	0.000972	0.002623
マドリード	1	0.000972	0.002623
静	1	0.000972	0.002623
修	1	0.000972	0.002623
進む	1	0.000972	0.002623
GHQ	1	0.000972	0.002623
戦火	1	0.000972	0.002623
川崎	1	0.000972	0.002623
頭文字	1	0.000972	0.002623
鎖	1	0.000972	0.002623
総理	1	0.000972	0.002623
信綱	1	0.000972	0.002623
松島	1	0.000972	0.002623
女史	1	0.000972	0.002623
向かい	1	0.000972	0.002623
生き	1	0.000972	0.002623
思い	1	0.000972	0.002623
超え	1	0.000972	0.002623
養う	1	0.000972	0.002623
観点	1	0.000972	0.002623
開か	1	0.000972	0.002623
同窓会	1	0.000972	0.002623
麗	1	0.000972	0.002623
称し	1	0.000972	0.002623
中途	1	0.000972	0.002623
東海道	1	0.000972	0.002623
住宅	1	0.000972	0.002623
都心	1	0.000972	0.002623
ルネサンス	1	0.000972	0.002623
雰囲気	1	0.000972	0.002623
条例	1	0.000972	0.002623
指針	1	0.000972	0.002623
植	1	0.000972	0.002623
栽	1	0.000972	0.002623
仙台	1	0.000972	0.002623
天然記念物	1	0.000972	0.002623
インターナショナル	1	0.000972	0.002623
世田谷	1	0.000972	0.002623
求め	2	0.001944	0.002529
置く	1	0.000972	0.002448
姉	1	0.000972	0.002448
急速	1	0.000972	0.002448
余儀なく	1	0.000972	0.002448
土地	1	0.000972	0.002448
財団	1	0.000972	0.002448
現在地	1	0.000972	0.002448
表す	1	0.000972	0.002448
未来	1	0.000972	0.002448
レベル	1	0.000972	0.002448
珍しい	1	0.000972	0.002448
置き	1	0.000972	0.002448
フィールドワーク	1	0.000972	0.002448
会員	1	0.000972	0.002448
称する	1	0.000972	0.002448
側面	1	0.000972	0.002448
各駅	1	0.000972	0.002448
四季	1	0.000972	0.002448
幹	1	0.000972	0.002448
樹齢	1	0.000972	0.002448
短期大学	1	0.000972	0.002448
ウェブサイト	1	0.000972	0.002331
基づき	1	0.000972	0.002331
太平洋戦争	1	0.000972	0.002331
伴う	1	0.000972	0.002331
字	1	0.000972	0.002331
相互	1	0.000972	0.002331
茂	1	0.000972	0.002331
海外	1	0.000972	0.002331
学び	1	0.000972	0.002331
深い	1	0.000972	0.002331
永遠	1	0.000972	0.002331
図書館	1	0.000972	0.002331
中島	1	0.000972	0.002331
ビジネス	1	0.000972	0.002331
所在	1	0.000972	0.002331
緑	1	0.000972	0.002331
中学	1	0.000972	0.002331
積極	1	0.000972	0.002237
身	1	0.000972	0.002237
自分	1	0.000972	0.002237
女	1	0.000972	0.002237
伝統	1	0.000972	0.002237
能力	1	0.000972	0.002237
秋	1	0.000972	0.002237
丘	1	0.000972	0.002237
イタリア	1	0.000972	0.002237
高	1	0.000972	0.002237
もっ	1	0.000972	0.002142
始まる	1	0.000972	0.002142
新た	1	0.000972	0.002142
1963	1	0.000972	0.002142
清	1	0.000972	0.002142
夫人	1	0.000972	0.002142
領域	1	0.000972	0.002142
イベント	1	0.000972	0.002142
太郎	1	0.000972	0.002142
木	1	0.000972	0.002142
1935	1	0.000972	0.002086
1953	1	0.000972	0.002086
1978	1	0.000972	0.002086
作ら	1	0.000972	0.002086
持ち	1	0.000972	0.002086
合わせ	1	0.000972	0.002086
春	1	0.000972	0.002086
分野	1	0.000972	0.002086
リスト	1	0.000972	0.002086
持っ	1	0.000972	0.002021
1934	1	0.000972	0.002021
百	1	0.000972	0.002021
子	1	0.000972	0.002021
各地	1	0.000972	0.002021
委員	1	0.000972	0.002021
制度	1	0.000972	0.002021
別	1	0.000972	0.002021
つけ	1	0.000972	0.001984
国内	1	0.000972	0.001984
詳細	1	0.000972	0.001984
イギリス	1	0.000972	0.001984
広く	1	0.000972	0.001944
伴い	1	0.000972	0.001944
1997	1	0.000972	0.001944
S	1	0.000972	0.001944
示す	1	0.000972	0.001944
特徴	1	0.000972	0.001944
経	1	0.000972	0.001944
200	1	0.000972	0.001944
考え	1	0.000972	0.001900
1986	1	0.000972	0.001900
1993	1	0.000972	0.001900
1936	1	0.000972	0.001900
通称	1	0.000972	0.001900
使わ	1	0.000972	0.001900
高い	1	0.000972	0.001900
小学校	1	0.000972	0.001900
1992	1	0.000972	0.001850
花	1	0.000972	0.001850
音楽	1	0.000972	0.001850
路線	1	0.000972	0.001850
大正	1	0.000972	0.001850
1996	1	0.000972	0.001793
持つ	1	0.000972	0.001793
地域	1	0.000972	0.001793
1998	1	0.000972	0.001728
2002	1	0.000972	0.001651
25	1	0.000972	0.001651
社会	1	0.000972	0.001651
交通	1	0.000972	0.001651
85	1	0.000972	0.001651
行わ	1	0.000972	0.001557
必要	1	0.000972	0.001557
情報	1	0.000972	0.001557
行う	1	0.000972	0.001557
89	1	0.000972	0.001557
90	1	0.000972	0.001557
人物	1	0.000972	0.001436
15	1	0.000972	0.001436
ない	1	0.000972	0.001436
・	1	0.000972	0.001265
歴	1	0.000972	0.001265
11	1	0.000972	0.001265
あり	1	0.000972	0.001265
20	1	0.000972	0.001265
記事	1	0.000972	0.001265
出典	1	0.000972	0.000972
フリー	1	0.000972	0.000972
百科	1	0.000972	0.000972
事典	1	0.000972	0.000972
ウィキペディア	1	0.000972	0.000972
Wikipedia	1	0.000972	0.000972
ナビゲーション	1	0.000972	0.000972
目次	1	0.000972	0.000972
9	1	0.000972	0.000972
月	1	0.000972	0.000972
http	1	0.000972	0.000972
ja	1	0.000972	0.000972
wikipedia	1	0.000972	0.000972
org	1	0.000972	0.000972
wiki	1	0.000972	0.000972
カテゴリ	1	0.000972	0.000972
