ダム	43	0.096413	0.260216
大町	22	0.049327	0.133132
高瀬川	8	0.017937	0.048411
信濃川	5	0.011211	0.033633
水系	5	0.011211	0.030258
交通省	5	0.011211	0.030258
重力	4	0.008969	0.026907
東京電力	4	0.008969	0.026907
国土	5	0.011211	0.026883
龍神	4	0.008969	0.024207
長野	5	0.011211	0.022886
コンクリート	4	0.008969	0.022589
m	5	0.011211	0.020685
利水	3	0.006726	0.020178
水力	3	0.006726	0.020178
高瀬	3	0.006726	0.020178
三国川	3	0.006726	0.020178
河川	3	0.006726	0.018153
堤	3	0.006726	0.018153
洪水	3	0.006726	0.018153
多目的	3	0.006726	0.018153
竜	3	0.006726	0.018153
000	4	0.008969	0.017938
し	8	0.017937	0.017937
北陸	3	0.006726	0.016940
目的	4	0.008969	0.016549
事業	4	0.008969	0.016549
3	7	0.015695	0.015695
0	5	0.011211	0.014586
昭和	4	0.008969	0.014369
流域	2	0.004484	0.013452
900	2	0.004484	0.013452
上水道	2	0.004484	0.013452
槍ヶ岳	2	0.004484	0.013452
急流	2	0.004484	0.013452
七倉	2	0.004484	0.013452
犀	2	0.004484	0.013452
周辺	3	0.006726	0.013144
107	2	0.004484	0.012102
下流	2	0.004484	0.012102
水害	2	0.004484	0.012102
上流	2	0.004484	0.012102
龍	2	0.004484	0.012102
地方	3	0.006726	0.011427
する	5	0.011211	0.011211
平	2	0.004484	0.010752
字	2	0.004484	0.010752
容量	2	0.004484	0.010752
伝説	2	0.004484	0.010752
太郎	2	0.004484	0.009883
資料	2	0.004484	0.009623
44	2	0.004484	0.009323
ある	4	0.008969	0.008969
E	4	0.008969	0.008969
一	3	0.006726	0.008751
1985	2	0.004484	0.008533
名	2	0.004484	0.008533
知ら	2	0.004484	0.007618
左岸	1	0.002242	0.006726
馬返し	1	0.002242	0.006726
ガリ	1	0.002242	0.006726
137	1	0.002242	0.006726
型式	1	0.002242	0.006726
頂	1	0.002242	0.006726
338	1	0.002242	0.006726
体積	1	0.002242	0.006726
766	1	0.002242	0.006726
水面	1	0.002242	0.006726
業者	1	0.002242	0.006726
前田建設工業	1	0.002242	0.006726
間組	1	0.002242	0.006726
りゅう	1	0.002242	0.006726
北アルプス	1	0.002242	0.006726
飛騨山脈	1	0.002242	0.006726
水源	1	0.002242	0.006726
水量	1	0.002242	0.006726
降れ	1	0.002242	0.006726
豪雨	1	0.002242	0.006726
襲っ	1	0.002242	0.006726
契機	1	0.002242	0.006726
建設省	1	0.002242	0.006726
魚野川	1	0.002242	0.006726
ぐりがわ	1	0.002242	0.006726
テプコ	1	0.002242	0.006726
博物館	1	0.002242	0.006726
過ぎる	1	0.002242	0.006726
視界	1	0.002242	0.006726
申し込み	1	0.002242	0.006726
廊	1	0.002242	0.006726
湖岸	1	0.002242	0.006726
伝わる	1	0.002242	0.006726
小太郎	1	0.002242	0.006726
一部始終	1	0.002242	0.006726
まんが	1	0.002242	0.006726
昔ばなし	1	0.002242	0.006726
中の沢	1	0.002242	0.006726
木崎	1	0.002242	0.006726
母子	1	0.002242	0.006726
便覧	1	0.002242	0.006726
さ	3	0.006726	0.006726
月	3	0.006726	0.006726
日本	3	0.006726	0.006726
A	3	0.006726	0.006726
歴史	2	0.004484	0.006623
右岸	1	0.002242	0.006051
クラ	1	0.002242	0.006051
湛	1	0.002242	0.006051
110	1	0.002242	0.006051
ha	1	0.002242	0.006051
有効	1	0.002242	0.006051
kW	1	0.002242	0.006051
人造湖	1	0.002242	0.006051
見舞わ	1	0.002242	0.006051
新潟	1	0.002242	0.006051
犀川	1	0.002242	0.006051
326	1	0.002242	0.006051
進み	1	0.002242	0.006051
エネルギー	1	0.002242	0.006051
銅像	1	0.002242	0.006051
童話	1	0.002242	0.006051
オープニング	1	0.002242	0.006051
定量	1	0.002242	0.006051
青木	1	0.002242	0.006051
水位	1	0.002242	0.006051
抑える	1	0.002242	0.006051
倉	1	0.002242	0.006051
外部	2	0.004484	0.005834
積	1	0.002242	0.005647
主体	1	0.002242	0.005647
まち	1	0.002242	0.005647
じん	1	0.002242	0.005647
こ	1	0.002242	0.005647
大雨	1	0.002242	0.005647
名所	1	0.002242	0.005647
湖	1	0.002242	0.005647
背中	1	0.002242	0.005647
ちなん	1	0.002242	0.005647
馴染み	1	0.002242	0.005647
財団	1	0.002242	0.005647
沢	1	0.002242	0.005376
193	1	0.002242	0.005376
豊富	1	0.002242	0.005376
49	1	0.002242	0.005376
市街地	1	0.002242	0.005376
渓谷	1	0.002242	0.005376
東経	1	0.002242	0.005159
電気	1	0.002242	0.005159
高	1	0.002242	0.005159
1974	1	0.002242	0.005159
入る	1	0.002242	0.005159
すれ	1	0.002242	0.005159
内部	1	0.002242	0.005159
いい	1	0.002242	0.005159
乗っ	1	0.002242	0.005159
泉	1	0.002242	0.005159
TBS	1	0.002242	0.005159
系列	1	0.002242	0.005159
冬	1	0.002242	0.005159
効果	1	0.002242	0.005159
52	1	0.002242	0.004942
46	1	0.002242	0.004942
進め	1	0.002242	0.004942
被害	1	0.002242	0.004942
唯一	1	0.002242	0.004942
地元	1	0.002242	0.004942
上げ	1	0.002242	0.004942
北緯	1	0.002242	0.004812
55	1	0.002242	0.004812
面積	1	0.002242	0.004812
1972	1	0.002242	0.004812
1969	1	0.002242	0.004812
含め	1	0.002242	0.004812
公園	1	0.002242	0.004812
少年	1	0.002242	0.004812
七	1	0.002242	0.004812
36	1	0.002242	0.004662
子	1	0.002242	0.004662
33	1	0.002242	0.004577
年	1	0.002242	0.004577
法人	1	0.002242	0.004577
2	2	0.004484	0.004484
1	2	0.004484	0.004484
項目	2	0.004484	0.004484
4	2	0.004484	0.004484
8	2	0.004484	0.004484
カテゴリ	2	0.004484	0.004484
7	2	0.004484	0.004484
83	2	0.004484	0.004484
広く	1	0.002242	0.004484
1997	1	0.002242	0.004484
協会	1	0.002242	0.004484
物語	1	0.002242	0.004381
大正	1	0.002242	0.004267
規模	1	0.002242	0.004267
いう	1	0.002242	0.004137
基本	1	0.002242	0.004137
60	1	0.002242	0.004137
他	1	0.002242	0.004137
西	1	0.002242	0.004137
平成	1	0.002242	0.004137
ウィキメディア・コモンズ	1	0.002242	0.004137
所在地	1	0.002242	0.003987
km	1	0.002242	0.003987
部分	1	0.002242	0.003987
28	1	0.002242	0.003809
中心	1	0.002242	0.003809
94	1	0.002242	0.003809
BA	1	0.002242	0.003809
80	1	0.002242	0.003592
30	1	0.002242	0.003312
13	1	0.002242	0.003312
あっ	1	0.002242	0.003312
受け	1	0.002242	0.003312
見	1	0.002242	0.003312
できる	1	0.002242	0.003312
・	1	0.002242	0.002917
歴	1	0.002242	0.002917
時代	1	0.002242	0.002917
あり	1	0.002242	0.002917
出典	1	0.002242	0.002242
フリー	1	0.002242	0.002242
百科	1	0.002242	0.002242
事典	1	0.002242	0.002242
ウィキペディア	1	0.002242	0.002242
Wikipedia	1	0.002242	0.002242
ナビゲーション	1	0.002242	0.002242
目次	1	0.002242	0.002242
なっ	1	0.002242	0.002242
9	1	0.002242	0.002242
http	1	0.002242	0.002242
ja	1	0.002242	0.002242
wikipedia	1	0.002242	0.002242
org	1	0.002242	0.002242
wiki	1	0.002242	0.002242
5	1	0.002242	0.002242
