豊田	47	0.032821	0.098463
海軍	30	0.020950	0.050237
大臣	27	0.018855	0.047487
し	63	0.043994	0.043994
次官	13	0.009078	0.024501
外務	10	0.006983	0.020949
昭和	17	0.011872	0.019020
貞次郎	9	0.006285	0.018855
内閣	9	0.006285	0.016963
近衛	9	0.006285	0.016963
鉄鋼	7	0.004888	0.014664
大将	7	0.004888	0.013193
外務省	6	0.004190	0.011309
さ	16	0.011173	0.011173
山本	6	0.004190	0.010047
吉田	6	0.004190	0.009641
学校	8	0.005587	0.009492
大日本帝国	5	0.003492	0.009425
鎮守	5	0.003492	0.009425
長官	5	0.003492	0.009425
軍需	5	0.003492	0.009425
任じ	5	0.003492	0.009425
先代	5	0.003492	0.009425
次代	5	0.003492	0.009425
本部	6	0.004190	0.009235
太郎	6	0.004190	0.009235
責任	5	0.003492	0.008795
1941	6	0.004190	0.008553
する	12	0.008380	0.008380
宮	4	0.002793	0.008379
及川	4	0.002793	0.008379
茂徳	4	0.002793	0.008379
大隈	4	0.002793	0.008379
重信	4	0.002793	0.008379
高明	4	0.002793	0.008379
軍人	5	0.003492	0.008374
茂	5	0.003492	0.008374
大正	6	0.004190	0.007974
和歌山	4	0.002793	0.007538
佐世保	4	0.002793	0.007538
11	8	0.005587	0.007269
米	5	0.003492	0.007260
商工	4	0.002793	0.007034
東郷	4	0.002793	0.007034
加藤	4	0.002793	0.007034
月	10	0.006983	0.006983
事務	4	0.002793	0.006697
政治	4	0.002793	0.006427
3	9	0.006285	0.006285
鐵	3	0.002095	0.006285
砲術	3	0.002095	0.006285
軍務	3	0.002095	0.006285
随員	3	0.002095	0.006285
後任	3	0.002095	0.006285
洋右	3	0.002095	0.006285
閣僚	3	0.002095	0.006285
親王	3	0.002095	0.006285
宣嘉	3	0.002095	0.006285
康哉	3	0.002095	0.006285
重光	3	0.002095	0.006285
河野	3	0.002095	0.006285
洋平	3	0.002095	0.006285
1961	4	0.002793	0.005994
なかっ	4	0.002793	0.005994
外国	4	0.002793	0.005994
武	4	0.002793	0.005807
1885	3	0.002095	0.005654
参謀	3	0.002095	0.005654
船団	3	0.002095	0.005654
工廠	3	0.002095	0.005654
首相	3	0.002095	0.005654
松岡	3	0.002095	0.005654
有田	3	0.002095	0.005654
八郎	3	0.002095	0.005654
葵	3	0.002095	0.005654
日本	8	0.005587	0.005587
1	8	0.005587	0.005587
4	8	0.005587	0.005587
日	4	0.002793	0.005458
時代	6	0.004190	0.005451
明治	4	0.002793	0.005315
運輸	3	0.002095	0.005276
政	3	0.002095	0.005276
内田	3	0.002095	0.005276
人物	5	0.003492	0.005158
あっ	5	0.003492	0.005158
艦隊	3	0.002095	0.005024
海外	3	0.002095	0.005024
郎	3	0.002095	0.005024
沢	3	0.002095	0.005024
2	7	0.004888	0.004888
E	7	0.004888	0.004888
現場	3	0.002095	0.004821
ロンドン	3	0.002095	0.004618
一	5	0.003492	0.004543
航空	3	0.002095	0.004496
出身	4	0.002793	0.004475
井上	3	0.002095	0.004356
法律	3	0.002095	0.004356
33	3	0.002095	0.004277
イギリス	3	0.002095	0.004277
拓	2	0.001397	0.004191
顧問	2	0.001397	0.004191
演じ	2	0.001397	0.004191
首席	2	0.001397	0.004191
肌	2	0.001397	0.004191
将官	2	0.001397	0.004191
主力	2	0.001397	0.004191
武官	2	0.001397	0.004191
部長	2	0.001397	0.004191
博	2	0.001397	0.004191
五十六	2	0.001397	0.004191
差し置い	2	0.001397	0.004191
文麿	2	0.001397	0.004191
飾っ	2	0.001397	0.004191
峯	2	0.001397	0.004191
辞表	2	0.001397	0.004191
吉三郎	2	0.001397	0.004191
ルーズベルト	2	0.001397	0.004191
対ソ	2	0.001397	0.004191
東條	2	0.001397	0.004191
陸海	2	0.001397	0.004191
公職	2	0.001397	0.004191
英機	2	0.001397	0.004191
総裁	2	0.001397	0.004191
山階	2	0.001397	0.004191
晃	2	0.001397	0.004191
宗城	2	0.001397	0.004191
副島	2	0.001397	0.004191
種臣	2	0.001397	0.004191
馨	2	0.001397	0.004191
周藏	2	0.001397	0.004191
西園寺	2	0.001397	0.004191
公望	2	0.001397	0.004191
小村	2	0.001397	0.004191
寺内	2	0.001397	0.004191
正毅	2	0.001397	0.004191
幣	2	0.001397	0.004191
喜重郎	2	0.001397	0.004191
澤	2	0.001397	0.004191
廣田	2	0.001397	0.004191
弘毅	2	0.001397	0.004191
小坂	2	0.001397	0.004191
善太郎	2	0.001397	0.004191
大平	2	0.001397	0.004191
正芳	2	0.001397	0.004191
園田	2	0.001397	0.004191
高村	2	0.001397	0.004191
正彦	2	0.001397	0.004191
信孝	2	0.001397	0.004191
8	6	0.004190	0.004190
経	3	0.002095	0.004190
階級	2	0.001397	0.003770
従	2	0.001397	0.003770
務	2	0.001397	0.003770
終わっ	2	0.001397	0.003770
戦隊	2	0.001397	0.003770
特務	2	0.001397	0.003770
シドニー	2	0.001397	0.003770
エリート	2	0.001397	0.003770
大使館	2	0.001397	0.003770
局長	2	0.001397	0.003770
艦	2	0.001397	0.003770
ポスト	2	0.001397	0.003770
古賀	2	0.001397	0.003770
会長	2	0.001397	0.003770
伊達	2	0.001397	0.003770
青木	2	0.001397	0.003770
壽	2	0.001397	0.003770
町村	2	0.001397	0.003770
12	4	0.002793	0.003634
でき	3	0.002095	0.003559
1905	2	0.001397	0.003518
実業	2	0.001397	0.003518
1923	2	0.001397	0.003518
工場	2	0.001397	0.003518
野村	2	0.001397	0.003518
なっ	5	0.003492	0.003492
9	5	0.003492	0.003492
21	3	0.002095	0.003356
作戦	2	0.001397	0.003350
太平洋戦争	2	0.001397	0.003350
社長	2	0.001397	0.003350
1917	2	0.001397	0.003350
オーストラリア	2	0.001397	0.003350
強く	2	0.001397	0.003350
航空機	2	0.001397	0.003350
鈴木	2	0.001397	0.003350
田中	2	0.001397	0.003350
直	2	0.001397	0.003350
事情	2	0.001397	0.003215
条約	2	0.001397	0.003215
軍事	2	0.001397	0.003215
ない	3	0.002095	0.003095
三	3	0.002095	0.003095
出	2	0.001397	0.003079
歴代	2	0.001397	0.003079
最終	2	0.001397	0.002998
特殊	2	0.001397	0.002998
大戦	2	0.001397	0.002905
36	2	0.001397	0.002905
学生	2	0.001397	0.002905
務め	2	0.001397	0.002905
原	2	0.001397	0.002905
国内	2	0.001397	0.002852
英	2	0.001397	0.002794
1945	2	0.001397	0.002794
7	4	0.002793	0.002793
6	4	0.002793	0.002793
なる	3	0.002095	0.002726
自身	2	0.001397	0.002578
18	2	0.001397	0.002484
東京	2	0.001397	0.002373
26	2	0.001397	0.002373
94	2	0.001397	0.002373
必要	2	0.001397	0.002238
ある	3	0.002095	0.002095
A	3	0.002095	0.002095
B	3	0.002095	0.002095
一等旭日桐花大綬章	1	0.000698	0.002094
いじろ	1	0.000698	0.002094
紀伊田辺	1	0.000698	0.002094
信太郎	1	0.000698	0.002094
二位勲一等旭日桐花大綬章	1	0.000698	0.002094
天王寺	1	0.000698	0.002094
外語	1	0.000698	0.002094
兵	1	0.000698	0.002094
面識	1	0.000698	0.002094
苦労人	1	0.000698	0.002094
正反対	1	0.000698	0.002094
中尉	1	0.000698	0.002094
千歳	1	0.000698	0.002094
水雷	1	0.000698	0.002094
はさん	1	0.000698	0.002094
磨い	1	0.000698	0.002094
大尉	1	0.000698	0.002094
乙種	1	0.000698	0.002094
オックスフォード大学	1	0.000698	0.002094
半	1	0.000698	0.002094
励ん	1	0.000698	0.002094
比叡	1	0.000698	0.002094
分隊	1	0.000698	0.002094
ニュージーランド	1	0.000698	0.002094
担い	1	0.000698	0.002094
甲種	1	0.000698	0.002094
勝ち取り	1	0.000698	0.002094
中枢	1	0.000698	0.002094
局員	1	0.000698	0.002094
剛	1	0.000698	0.002094
副長	1	0.000698	0.002094
首位	1	0.000698	0.002094
大佐	1	0.000698	0.002094
ジュネーブ	1	0.000698	0.002094
横滑り	1	0.000698	0.002094
抜群	1	0.000698	0.002094
詳しかっ	1	0.000698	0.002094
疎く	1	0.000698	0.002094
反り	1	0.000698	0.002094
阿武隈	1	0.000698	0.002094
渡	1	0.000698	0.002094
全権	1	0.000698	0.002094
財部	1	0.000698	0.002094
可否	1	0.000698	0.002094
余地	1	0.000698	0.002094
少将	1	0.000698	0.002094
軍令	1	0.000698	0.002094
恭	1	0.000698	0.002094
宛	1	0.000698	0.002094
われ	1	0.000698	0.002094
命脈	1	0.000698	0.002094
尽き	1	0.000698	0.002094
伺う	1	0.000698	0.002094
叩き	1	0.000698	0.002094
落さ	1	0.000698	0.002094
窮状	1	0.000698	0.002094
感じ取り	1	0.000698	0.002094
原点	1	0.000698	0.002094
呉	1	0.000698	0.002094
次期	1	0.000698	0.002094
宮中	1	0.000698	0.002094
格下	1	0.000698	0.002094
返書	1	0.000698	0.002094
鼻白ま	1	0.000698	0.002094
白紙	1	0.000698	0.002094
住山	1	0.000698	0.002094
徳太郎	1	0.000698	0.002094
退い	1	0.000698	0.002094
懸案	1	0.000698	0.002094
古志	1	0.000698	0.002094
好ましく	1	0.000698	0.002094
やむなく	1	0.000698	0.002094
座ら	1	0.000698	0.002094
政務	1	0.000698	0.002094
余る	1	0.000698	0.002094
陰口	1	0.000698	0.002094
叩か	1	0.000698	0.002094
名札	1	0.000698	0.002094
如し	1	0.000698	0.002094
成美	1	0.000698	0.002094
あからさま	1	0.000698	0.002094
副官	1	0.000698	0.002094
代わる	1	0.000698	0.002094
失	1	0.000698	0.002094
辞意	1	0.000698	0.002094
繁太郎	1	0.000698	0.002094
推す	1	0.000698	0.002094
書簡	1	0.000698	0.002094
前者	1	0.000698	0.002094
本命	1	0.000698	0.002094
後者	1	0.000698	0.002094
皮肉	1	0.000698	0.002094
現職	1	0.000698	0.002094
唖然	1	0.000698	0.002094
予備	1	0.000698	0.002094
政界	1	0.000698	0.002094
踏み台	1	0.000698	0.002094
沢本	1	0.000698	0.002094
懐かしく	1	0.000698	0.002094
用	1	0.000698	0.002094
本領	1	0.000698	0.002094
踏み切っ	1	0.000698	0.002094
推さ	1	0.000698	0.002094
押し付け	1	0.000698	0.002094
就か	1	0.000698	0.002094
同郷	1	0.000698	0.002094
駐米	1	0.000698	0.002094
押し切ら	1	0.000698	0.002094
腹案	1	0.000698	0.002094
厳し	1	0.000698	0.002094
増す	1	0.000698	0.002094
至り	1	0.000698	0.002094
要綱	1	0.000698	0.002094
下半期	1	0.000698	0.002094
福利	1	0.000698	0.002094
厚生	1	0.000698	0.002094
戦局	1	0.000698	0.002094
一途	1	0.000698	0.002094
たどる	1	0.000698	0.002094
物資	1	0.000698	0.002094
思惑	1	0.000698	0.002094
進ま	1	0.000698	0.002094
打つ手	1	0.000698	0.002094
問う	1	0.000698	0.002094
戦犯	1	0.000698	0.002094
和平	1	0.000698	0.002094
ブラジル	1	0.000698	0.002094
合弁	1	0.000698	0.002094
ウジミナス	1	0.000698	0.002094
注ぎ込ん	1	0.000698	0.002094
半生	1	0.000698	0.002094
癌	1	0.000698	0.002094
織本	1	0.000698	0.002094
順吉	1	0.000698	0.002094
平泉	1	0.000698	0.002094
東条	1	0.000698	0.002094
一三	1	0.000698	0.002094
左近	1	0.000698	0.002094
司政	1	0.000698	0.002094
米蔵	1	0.000698	0.002094
日山	1	0.000698	0.002094
直登	1	0.000698	0.002094
知久平	1	0.000698	0.002094
仁和寺	1	0.000698	0.002094
嘉	1	0.000698	0.002094
実美	1	0.000698	0.002094
久世	1	0.000698	0.002094
禧	1	0.000698	0.002094
知事	1	0.000698	0.002094
具視	1	0.000698	0.002094
寺島	1	0.000698	0.002094
則	1	0.000698	0.002094
太政官	1	0.000698	0.002094
博文	1	0.000698	0.002094
榎本	1	0.000698	0.002094
武揚	1	0.000698	0.002094
陸奥	1	0.000698	0.002094
宗光	1	0.000698	0.002094
勅	1	0.000698	0.002094
258	1	0.000698	0.002094
曾禰	1	0.000698	0.002094
林	1	0.000698	0.002094
董	1	0.000698	0.002094
牧野	1	0.000698	0.002094
伸	1	0.000698	0.002094
顯	1	0.000698	0.002094
菊次郎	1	0.000698	0.002094
本野	1	0.000698	0.002094
新平	1	0.000698	0.002094
權兵	1	0.000698	0.002094
伊集院	1	0.000698	0.002094
彦吉	1	0.000698	0.002094
慶四郎	1	0.000698	0.002094
義一	1	0.000698	0.002094
毅	1	0.000698	0.002094
謙吉	1	0.000698	0.002094
實	1	0.000698	0.002094
銑	1	0.000698	0.002094
尚武	1	0.000698	0.002094
宇垣	1	0.000698	0.002094
一成	1	0.000698	0.002094
信行	1	0.000698	0.002094
正之	1	0.000698	0.002094
貫太郎	1	0.000698	0.002094
芦田	1	0.000698	0.002094
均	1	0.000698	0.002094
283	1	0.000698	0.002094
岡崎	1	0.000698	0.002094
勝男	1	0.000698	0.002094
信介	1	0.000698	0.002094
藤山	1	0.000698	0.002094
愛一郎	1	0.000698	0.002094
悦三郎	1	0.000698	0.002094
武夫	1	0.000698	0.002094
揆一	1	0.000698	0.002094
赳夫	1	0.000698	0.002094
宮澤	1	0.000698	0.002094
喜一	1	0.000698	0.002094
威一郎	1	0.000698	0.002094
佐武郎	1	0.000698	0.002094
櫻内	1	0.000698	0.002094
義雄	1	0.000698	0.002094
安倍	1	0.000698	0.002094
晋	1	0.000698	0.002094
倉成	1	0.000698	0.002094
宇野	1	0.000698	0.002094
宗佑	1	0.000698	0.002094
三塚	1	0.000698	0.002094
美智雄	1	0.000698	0.002094
武藤	1	0.000698	0.002094
嘉文	1	0.000698	0.002094
羽田	1	0.000698	0.002094
孜	1	0.000698	0.002094
柿	1	0.000698	0.002094
行彦	1	0.000698	0.002094
小渕	1	0.000698	0.002094
恵三	1	0.000698	0.002094
眞紀子	1	0.000698	0.002094
純一郎	1	0.000698	0.002094
順子	1	0.000698	0.002094
中曽根	1	0.000698	0.002094
弘文	1	0.000698	0.002094
克也	1	0.000698	0.002094
世界	2	0.001397	0.002064
16	2	0.001397	0.002064
政体	1	0.000698	0.001884
賞罰	1	0.000698	0.001884
勲	1	0.000698	0.001884
藩士	1	0.000698	0.001884
次男	1	0.000698	0.001884
他人	1	0.000698	0.001884
露	1	0.000698	0.001884
東南アジア	1	0.000698	0.001884
遠洋	1	0.000698	0.001884
少尉	1	0.000698	0.001884
香取	1	0.000698	0.001884
腕	1	0.000698	0.001884
末期	1	0.000698	0.001884
少佐	1	0.000698	0.001884
学ん	1	0.000698	0.001884
自他	1	0.000698	0.001884
中佐	1	0.000698	0.001884
及び	1	0.000698	0.001884
合わ	1	0.000698	0.001884
彪	1	0.000698	0.001884
横須賀	1	0.000698	0.001884
残さ	1	0.000698	0.001884
伏見	1	0.000698	0.001884
口癖	1	0.000698	0.001884
地位	1	0.000698	0.001884
務める	1	0.000698	0.001884
最前線	1	0.000698	0.001884
いっ	1	0.000698	0.001884
趣旨	1	0.000698	0.001884
人事	1	0.000698	0.001884
善	1	0.000698	0.001884
吾	1	0.000698	0.001884
回っ	1	0.000698	0.001884
伊	1	0.000698	0.001884
有利	1	0.000698	0.001884
告げ	1	0.000698	0.001884
座	1	0.000698	0.001884
肖像	1	0.000698	0.001884
ナチス	1	0.000698	0.001884
報	1	0.000698	0.001884
受け取り	1	0.000698	0.001884
くし	1	0.000698	0.001884
エピソード	1	0.000698	0.001884
嶋田	1	0.000698	0.001884
頼	1	0.000698	0.001884
先輩	1	0.000698	0.001884
大使	1	0.000698	0.001884
うまく	1	0.000698	0.001884
いく	1	0.000698	0.001884
関東軍	1	0.000698	0.001884
特	1	0.000698	0.001884
演	1	0.000698	0.001884
関心	1	0.000698	0.001884
立つ	1	0.000698	0.001884
上半期	1	0.000698	0.001884
朝鮮	1	0.000698	0.001884
比率	1	0.000698	0.001884
腎臓	1	0.000698	0.001884
享年	1	0.000698	0.001884
東映	1	0.000698	0.001884
前田	1	0.000698	0.001884
三条	1	0.000698	0.001884
卿	1	0.000698	0.001884
岩倉	1	0.000698	0.001884
69	1	0.000698	0.001884
伊藤	1	0.000698	0.001884
官制	1	0.000698	0.001884
荒	1	0.000698	0.001884
後藤	1	0.000698	0.001884
衞	1	0.000698	0.001884
松井	1	0.000698	0.001884
養	1	0.000698	0.001884
齋藤	1	0.000698	0.001884
阿部	1	0.000698	0.001884
岸	1	0.000698	0.001884
椎名	1	0.000698	0.001884
鳩山	1	0.000698	0.001884
伊東	1	0.000698	0.001884
弘治	1	0.000698	0.001884
川口	1	0.000698	0.001884
・	2	0.001397	0.001818
歴	2	0.001397	0.001818
なり	2	0.001397	0.001818
旧制	1	0.000698	0.001758
同士	1	0.000698	0.001758
天才	1	0.000698	0.001758
弥生	1	0.000698	0.001758
敷島	1	0.000698	0.001758
薩摩	1	0.000698	0.001758
乗組	1	0.000698	0.001758
1910	1	0.000698	0.001758
命じ	1	0.000698	0.001758
直前	1	0.000698	0.001758
連盟	1	0.000698	0.001758
山城	1	0.000698	0.001758
艦長	1	0.000698	0.001758
経緯	1	0.000698	0.001758
不満	1	0.000698	0.001758
高まり	1	0.000698	0.001758
工具	1	0.000698	0.001758
部品	1	0.000698	0.001758
厳しい	1	0.000698	0.001758
総務	1	0.000698	0.001758
送り	1	0.000698	0.001758
独	1	0.000698	0.001758
帝国	1	0.000698	0.001758
議会	1	0.000698	0.001758
陸軍	1	0.000698	0.001758
眼	1	0.000698	0.001758
皮肉っ	1	0.000698	0.001758
代わら	1	0.000698	0.001758
送っ	1	0.000698	0.001758
リン	1	0.000698	0.001758
大統領	1	0.000698	0.001758
関	1	0.000698	0.001758
実情	1	0.000698	0.001758
原料	1	0.000698	0.001758
激しく	1	0.000698	0.001758
基盤	1	0.000698	0.001758
成	1	0.000698	0.001758
彰	1	0.000698	0.001758
二郎	1	0.000698	0.001758
桂	1	0.000698	0.001758
芳	1	0.000698	0.001758
三木	1	0.000698	0.001758
愛知	1	0.000698	0.001758
福田	1	0.000698	0.001758
俊夫	1	0.000698	0.001758
正義	1	0.000698	0.001758
渡辺	1	0.000698	0.001758
小泉	1	0.000698	0.001758
麻生	1	0.000698	0.001758
岡田	1	0.000698	0.001758
順位	1	0.000698	0.001674
学び	1	0.000698	0.001674
1914	1	0.000698	0.001674
中学	1	0.000698	0.001674
認める	1	0.000698	0.001674
幹部	1	0.000698	0.001674
向かっ	1	0.000698	0.001674
1931	1	0.000698	0.001674
思っ	1	0.000698	0.001674
のち	1	0.000698	0.001674
親	1	0.000698	0.001674
条件	1	0.000698	0.001674
外交	1	0.000698	0.001674
卒業生	1	0.000698	0.001674
離れ	1	0.000698	0.001674
裁判	1	0.000698	0.001674
76	1	0.000698	0.001674
秋田	1	0.000698	0.001674
中島	1	0.000698	0.001674
総督	1	0.000698	0.001674
徳	1	0.000698	0.001674
石井	1	0.000698	0.001674
135	1	0.000698	0.001674
木村	1	0.000698	0.001674
コース	1	0.000698	0.001606
乗っ	1	0.000698	0.001606
目	1	0.000698	0.001606
非常	1	0.000698	0.001606
長い	1	0.000698	0.001606
異なり	1	0.000698	0.001606
除く	1	0.000698	0.001606
あたる	1	0.000698	0.001606
1940	1	0.000698	0.001606
自分	1	0.000698	0.001606
自己	1	0.000698	0.001606
図る	1	0.000698	0.001606
周囲	1	0.000698	0.001606
フランク	1	0.000698	0.001606
ソ連	1	0.000698	0.001606
1943	1	0.000698	0.001606
容疑	1	0.000698	0.001606
TBS	1	0.000698	0.001606
64	1	0.000698	0.001606
池田	1	0.000698	0.001606
大分	1	0.000698	0.001538
出る	1	0.000698	0.001538
安全	1	0.000698	0.001538
定期	1	0.000698	0.001538
新た	1	0.000698	0.001538
工業	1	0.000698	0.001538
1939	1	0.000698	0.001538
続い	1	0.000698	0.001538
候補	1	0.000698	0.001538
なら	1	0.000698	0.001538
状況	1	0.000698	0.001538
来	1	0.000698	0.001538
進め	1	0.000698	0.001538
清	1	0.000698	0.001538
宗	1	0.000698	0.001538
佐藤	1	0.000698	0.001538
正	1	0.000698	0.001538
中山	1	0.000698	0.001538
タイプ	1	0.000698	0.001498
43	1	0.000698	0.001498
取っ	1	0.000698	0.001498
1920	1	0.000698	0.001498
金	1	0.000698	0.001498
1927	1	0.000698	0.001498
資料	1	0.000698	0.001498
1932	1	0.000698	0.001498
機会	1	0.000698	0.001498
1938	1	0.000698	0.001498
組み合わせ	1	0.000698	0.001498
1942	1	0.000698	0.001498
企業	1	0.000698	0.001498
谷	1	0.000698	0.001498
38	1	0.000698	0.001451
普通	1	0.000698	0.001451
ドイツ	1	0.000698	0.001451
持っ	1	0.000698	0.001451
認め	1	0.000698	0.001451
1934	1	0.000698	0.001451
挙げ	1	0.000698	0.001451
近い	1	0.000698	0.001451
最大	1	0.000698	0.001451
事項	1	0.000698	0.001451
困難	1	0.000698	0.001451
1958	1	0.000698	0.001451
1982	1	0.000698	0.001451
小林	1	0.000698	0.001451
中学校	1	0.000698	0.001425
いる	1	0.000698	0.001425
完全	1	0.000698	0.001425
多かっ	1	0.000698	0.001425
主義	1	0.000698	0.001425
環境	1	0.000698	0.001425
向け	1	0.000698	0.001425
最後	1	0.000698	0.001425
項目	2	0.001397	0.001397
示す	1	0.000698	0.001396
1936	1	0.000698	0.001364
政府	1	0.000698	0.001364
多く	1	0.000698	0.001364
小学校	1	0.000698	0.001364
東	1	0.000698	0.001364
方面	1	0.000698	0.001328
専門	1	0.000698	0.001328
技術	1	0.000698	0.001328
名	1	0.000698	0.001328
十	1	0.000698	0.001328
24	1	0.000698	0.001328
英語	1	0.000698	0.001288
高等	1	0.000698	0.001288
国際	1	0.000698	0.001288
持つ	1	0.000698	0.001288
夏	1	0.000698	0.001288
五	1	0.000698	0.001288
目的	1	0.000698	0.001288
西	1	0.000698	0.001288
平成	1	0.000698	0.001288
31	1	0.000698	0.001241
行っ	1	0.000698	0.001186
17	1	0.000698	0.001186
22	1	0.000698	0.001186
AC	1	0.000698	0.001186
呼ば	1	0.000698	0.001118
2008	1	0.000698	0.001118
13	1	0.000698	0.001031
14	1	0.000698	0.001031
15	1	0.000698	0.001031
できる	1	0.000698	0.001031
二	1	0.000698	0.000908
求め	1	0.000698	0.000908
あり	1	0.000698	0.000908
20	1	0.000698	0.000908
0	1	0.000698	0.000908
出典	1	0.000698	0.000698
フリー	1	0.000698	0.000698
百科	1	0.000698	0.000698
事典	1	0.000698	0.000698
ウィキペディア	1	0.000698	0.000698
Wikipedia	1	0.000698	0.000698
ナビゲーション	1	0.000698	0.000698
目次	1	0.000698	0.000698
5	1	0.000698	0.000698
http	1	0.000698	0.000698
ja	1	0.000698	0.000698
wikipedia	1	0.000698	0.000698
org	1	0.000698	0.000698
wiki	1	0.000698	0.000698
83	1	0.000698	0.000698
カテゴリ	1	0.000698	0.000698
