MBA	23	0.048936	0.146808
学位	11	0.023404	0.070212
大学院	12	0.025532	0.068910
スクール	8	0.017021	0.045939
ビジネス	8	0.017021	0.040815
専門	10	0.021277	0.040492
企業	8	0.017021	0.036529
修士	6	0.012766	0.034455
コース	7	0.014894	0.034272
し	15	0.031915	0.031915
実務	5	0.010638	0.028712
課程	5	0.010638	0.025509
する	11	0.023404	0.023404
AMBA	3	0.006383	0.019149
米国	3	0.006383	0.019149
論文	3	0.006383	0.019149
AACSB	3	0.006383	0.019149
さ	8	0.017021	0.017021
置く	3	0.006383	0.016076
大学	4	0.008511	0.015704
幹部	3	0.006383	0.015306
機関	4	0.008511	0.015134
日本	7	0.014894	0.014894
2	7	0.014894	0.014894
1	6	0.012766	0.012766
5	6	0.012766	0.012766
Business	2	0.004255	0.012765
EMBA	2	0.004255	0.012765
成果	2	0.004255	0.012765
本拠	2	0.004255	0.012765
Association	2	0.004255	0.012765
European	2	0.004255	0.012765
名古屋商科大学	2	0.004255	0.012765
tips	2	0.004255	0.012765
Universum	2	0.004255	0.012765
of	3	0.006383	0.012474
科学	3	0.006383	0.012474
文部	2	0.004255	0.011484
考え方	2	0.004255	0.011484
エリート	2	0.004255	0.011484
価値	2	0.004255	0.011484
質	2	0.004255	0.010716
3	5	0.010638	0.010638
E	5	0.010638	0.010638
for	2	0.004255	0.010203
能力	2	0.004255	0.009791
さまざま	2	0.004255	0.009379
外国	2	0.004255	0.009132
米	2	0.004255	0.008847
制度	2	0.004255	0.008847
ある	4	0.008511	0.008511
なっ	4	0.008511	0.008511
英	2	0.004255	0.008510
考え	2	0.004255	0.008315
高等	2	0.004255	0.007851
アメリカ	2	0.004255	0.007229
多い	2	0.004255	0.006817
行わ	2	0.004255	0.006817
修め	1	0.002128	0.006384
Master	1	0.002128	0.006384
Administration	1	0.002128	0.006384
両者	1	0.002128	0.006384
マネジメント	1	0.002128	0.006384
捉え	1	0.002128	0.006384
進める	1	0.002128	0.006384
ウォートン・スクール	1	0.002128	0.006384
ハー	1	0.002128	0.006384
メソッド	1	0.002128	0.006384
パスポート	1	0.002128	0.006384
同窓	1	0.002128	0.006384
人脈	1	0.002128	0.006384
高額	1	0.002128	0.006384
エグゼクティブ	1	0.002128	0.006384
皮切り	1	0.002128	0.006384
パートタイム	1	0.002128	0.006384
職務	1	0.002128	0.006384
見出す	1	0.002128	0.006384
金融	1	0.002128	0.006384
引き起こし	1	0.002128	0.006384
法務	1	0.002128	0.006384
不要	1	0.002128	0.006384
うたわ	1	0.002128	0.006384
営利	1	0.002128	0.006384
Accreditation	1	0.002128	0.006384
校	1	0.002128	0.006384
MBAs	1	0.002128	0.006384
ベルギー	1	0.002128	0.006384
EFMD	1	0.002128	0.006384
Foundation	1	0.002128	0.006384
Management	1	0.002128	0.006384
Development	1	0.002128	0.006384
EQUIS	1	0.002128	0.006384
Improvement	1	0.002128	0.006384
System	1	0.002128	0.006384
慶應義塾	1	0.002128	0.006384
Exduco	1	0.002128	0.006384
Graduate	1	0.002128	0.006384
School	1	0.002128	0.006384
Guide	1	0.002128	0.006384
Advance	1	0.002128	0.006384
Collegiate	1	0.002128	0.006384
Schools	1	0.002128	0.006384
Sciences	1	0.002128	0.006384
Po	1	0.002128	0.006384
skoolix	1	0.002128	0.006384
admission	1	0.002128	0.006384
search	1	0.002128	0.006384
tool	1	0.002128	0.006384
programs	1	0.002128	0.006384
Fortune	1	0.002128	0.006384
Top	1	0.002128	0.006384
Employers	1	0.002128	0.006384
ディプロマ	1	0.002128	0.006384
ディグリー	1	0.002128	0.006384
リクルート	1	0.002128	0.006384
net	1	0.002128	0.006384
スキル	1	0.002128	0.006384
出典	3	0.006383	0.006383
4	3	0.006383	0.006383
世界	2	0.004255	0.006285
えい	1	0.002128	0.005743
がく	1	0.002128	0.005743
バード	1	0.002128	0.005743
狙い	1	0.002128	0.005743
短期	1	0.002128	0.005743
学べる	1	0.002128	0.005743
転機	1	0.002128	0.005743
強まっ	1	0.002128	0.005743
意味合い	1	0.002128	0.005743
強め	1	0.002128	0.005743
特	1	0.002128	0.005743
有利	1	0.002128	0.005743
危機	1	0.002128	0.005743
知識	1	0.002128	0.005743
重き	1	0.002128	0.005743
欧米	1	0.002128	0.005743
第三者	1	0.002128	0.005743
義務づけ	1	0.002128	0.005743
Quality	1	0.002128	0.005743
Best	1	0.002128	0.005743
US	1	0.002128	0.005743
ミル	1	0.002128	0.005743
高度	1	0.002128	0.005743
外部	2	0.004255	0.005536
1881	1	0.002128	0.005359
ケース	1	0.002128	0.005359
シカゴ	1	0.002128	0.005359
現役	1	0.002128	0.005359
夜間	1	0.002128	0.005359
作り	1	0.002128	0.005359
私立	1	0.002128	0.005359
レベル	1	0.002128	0.005359
達する	1	0.002128	0.005359
ランキング	1	0.002128	0.005359
職業	1	0.002128	0.005359
基づく	1	0.002128	0.005103
トップ	1	0.002128	0.005103
広	1	0.002128	0.005103
利便	1	0.002128	0.005103
標準	1	0.002128	0.005103
認める	1	0.002128	0.005103
民間	1	0.002128	0.005103
to	1	0.002128	0.005103
けい	1	0.002128	0.004897
1940	1	0.002128	0.004897
初	1	0.002128	0.004897
教え	1	0.002128	0.004897
思想	1	0.002128	0.004897
基準	1	0.002128	0.004897
状況	1	0.002128	0.004690
なら	1	0.002128	0.004690
候補	1	0.002128	0.004690
終わり	1	0.002128	0.004690
定期	1	0.002128	0.004690
有する	1	0.002128	0.004567
1920	1	0.002128	0.004567
言わ	1	0.002128	0.004567
合わせ	1	0.002128	0.004567
システム	1	0.002128	0.004567
例	1	0.002128	0.004424
学生	1	0.002128	0.004424
少ない	1	0.002128	0.004424
近い	1	0.002128	0.004424
国立	1	0.002128	0.004424
認め	1	0.002128	0.004424
受ける	1	0.002128	0.004424
and	1	0.002128	0.004424
96	1	0.002128	0.004424
名称	1	0.002128	0.004344
近代	1	0.002128	0.004344
形態	1	0.002128	0.004344
団体	1	0.002128	0.004344
イギリス	1	0.002128	0.004344
AE	1	0.002128	0.004344
アメリカ合衆国	1	0.002128	0.004344
本	1	0.002128	0.004256
世紀	1	0.002128	0.004256
伴い	1	0.002128	0.004256
少なく	1	0.002128	0.004256
一つ	1	0.002128	0.004256
項目	2	0.004255	0.004255
B	2	0.004255	0.004255
6	2	0.004255	0.004255
A	2	0.004255	0.004255
対象	1	0.002128	0.004159
なく	1	0.002128	0.004159
政府	1	0.002128	0.004159
500	1	0.002128	0.004159
BF	1	0.002128	0.004159
最初	1	0.002128	0.004050
1970	1	0.002128	0.003926
人	1	0.002128	0.003926
せ	1	0.002128	0.003926
平成	1	0.002128	0.003926
18	1	0.002128	0.003784
100	1	0.002128	0.003784
社会	1	0.002128	0.003615
19	1	0.002128	0.003615
知ら	1	0.002128	0.003615
1980	1	0.002128	0.003615
数	1	0.002128	0.003615
29	1	0.002128	0.003615
中心	1	0.002128	0.003615
AB	1	0.002128	0.003615
呼ば	1	0.002128	0.003409
2008	1	0.002128	0.003409
2003	1	0.002128	0.003409
主	1	0.002128	0.003409
AD	1	0.002128	0.003409
2007	1	0.002128	0.003143
見	1	0.002128	0.003143
30	1	0.002128	0.003143
受け	1	0.002128	0.003143
C	1	0.002128	0.003143
二	1	0.002128	0.002769
なり	1	0.002128	0.002769
なる	1	0.002128	0.002769
フリー	1	0.002128	0.002128
百科	1	0.002128	0.002128
事典	1	0.002128	0.002128
ウィキペディア	1	0.002128	0.002128
Wikipedia	1	0.002128	0.002128
ナビゲーション	1	0.002128	0.002128
目次	1	0.002128	0.002128
月	1	0.002128	0.002128
http	1	0.002128	0.002128
ja	1	0.002128	0.002128
wikipedia	1	0.002128	0.002128
org	1	0.002128	0.002128
wiki	1	0.002128	0.002128
7	1	0.002128	0.002128
8	1	0.002128	0.002128
カテゴリ	1	0.002128	0.002128
