PL	35	0.024458	0.073374
教団	37	0.025856	0.069785
教	36	0.025157	0.057887
教祖	17	0.011880	0.035640
宗教	17	0.011880	0.027336
木徳	12	0.008386	0.025158
神道	13	0.009085	0.022881
教会	13	0.009085	0.022881
宗	12	0.008386	0.018484
花火	9	0.006289	0.016974
パーフェクト	8	0.005590	0.016770
リバティー	8	0.005590	0.016770
3	23	0.016073	0.016073
祭典	8	0.005590	0.015087
芸術	8	0.005590	0.013404
平和	8	0.005590	0.012863
近	6	0.004193	0.012579
本庁	6	0.004193	0.011317
天	6	0.004193	0.011317
ISBN	9	0.006289	0.011183
一	12	0.008386	0.010910
初代	7	0.004892	0.010499
1930	7	0.004892	0.010499
1942	7	0.004892	0.010499
立教	5	0.003494	0.010482
ひと	5	0.003494	0.010482
孝	5	0.003494	0.010482
佛	5	0.003494	0.010482
念	5	0.003494	0.010482
世界	9	0.006289	0.009290
する	13	0.009085	0.009085
し	13	0.009085	0.009085
E	13	0.009085	0.009085
1	12	0.008386	0.008386
神霊	4	0.002795	0.008385
御嶽	4	0.002795	0.008385
仏教	4	0.002795	0.008385
みち	4	0.002795	0.008385
正宗	4	0.002795	0.008385
学園	5	0.003494	0.008378
学校	7	0.004892	0.008311
1936	6	0.004193	0.008194
身	5	0.003494	0.008040
1951	5	0.003494	0.008040
個人	4	0.002795	0.007544
神	5	0.003494	0.007499
1938	5	0.003494	0.007499
宗派	4	0.002795	0.007039
祖	4	0.002795	0.007039
日本	10	0.006988	0.006988
霊	4	0.002795	0.006702
心	4	0.002795	0.006702
教え	4	0.002795	0.006431
1948	4	0.002795	0.006431
練	3	0.002096	0.006288
教主	3	0.002096	0.006288
おしえ	3	0.002096	0.006288
貴	3	0.002096	0.006288
宇宙	3	0.002096	0.006288
正殿	3	0.002096	0.006288
万国戦争犠牲者慰霊大平和祈念塔	3	0.002096	0.006288
みしら	3	0.002096	0.006288
聖地	3	0.002096	0.006288
扶桑	3	0.002096	0.006288
木	4	0.002795	0.006161
本部	4	0.002795	0.006161
1983	4	0.002795	0.005998
1978	4	0.002795	0.005998
野球	4	0.002795	0.005811
中学校	4	0.002795	0.005706
法人	4	0.002795	0.005706
止	3	0.002096	0.005657
真理	3	0.002096	0.005657
式典	3	0.002096	0.005657
本殿	3	0.002096	0.005657
ほん	3	0.002096	0.005657
行	3	0.002096	0.005657
1912	3	0.002096	0.005657
華	3	0.002096	0.005657
2	8	0.005590	0.005590
83	8	0.005590	0.005590
会員	3	0.002096	0.005279
キリスト	3	0.002096	0.005279
順	3	0.002096	0.005279
1970	4	0.002795	0.005157
1949	3	0.002096	0.005026
1977	3	0.002096	0.005026
世	3	0.002096	0.004823
1954	3	0.002096	0.004823
1916	3	0.002096	0.004620
産業	3	0.002096	0.004620
中山	3	0.002096	0.004620
1928	3	0.002096	0.004498
1953	3	0.002096	0.004498
行わ	4	0.002795	0.004478
自由	3	0.002096	0.004358
井上	3	0.002096	0.004358
1950	3	0.002096	0.004358
病院	3	0.002096	0.004279
大祭	2	0.001398	0.004194
詣	2	0.001398	0.004194
富田林	2	0.001398	0.004194
奥津城	2	0.001398	0.004194
ゴルフ	2	0.001398	0.004194
心得	2	0.001398	0.004194
神業	2	0.001398	0.004194
祝う	2	0.001398	0.004194
行事	2	0.001398	0.004194
称す	2	0.001398	0.004194
不敬	2	0.001398	0.004194
理事	2	0.001398	0.004194
衆院	2	0.001398	0.004194
ローマ	2	0.001398	0.004194
教皇	2	0.001398	0.004194
パウロ	2	0.001398	0.004194
目録	2	0.001398	0.004194
黒住	2	0.001398	0.004194
1814	2	0.001398	0.004194
1838	2	0.001398	0.004194
修成	2	0.001398	0.004194
1872	2	0.001398	0.004194
1873	2	0.001398	0.004194
大本	2	0.001398	0.004194
薙	2	0.001398	0.004194
一燈園	2	0.001398	0.004194
国教	2	0.001398	0.004194
1908	2	0.001398	0.004194
生長の家	2	0.001398	0.004194
救世	2	0.001398	0.004194
璽宇	2	0.001398	0.004194
如来	2	0.001398	0.004194
1802	2	0.001398	0.004194
妙法寺	2	0.001398	0.004194
伽	2	0.001398	0.004194
霊友会	2	0.001398	0.004194
創価学会	2	0.001398	0.004194
道教	2	0.001398	0.004194
真如苑	2	0.001398	0.004194
立正佼成会	2	0.001398	0.004194
思親	2	0.001398	0.004194
冨士	2	0.001398	0.004194
大石寺	2	0.001398	0.004194
顕正	2	0.001398	0.004194
辯天	2	0.001398	0.004194
真光	2	0.001398	0.004194
イエス	2	0.001398	0.004194
さ	6	0.004193	0.004193
5	6	0.004193	0.004193
月	6	0.004193	0.004193
協会	3	0.002096	0.004192
三	4	0.002795	0.004129
大阪	3	0.002096	0.004096
形	3	0.002096	0.003989
高等	3	0.002096	0.003867
祀る	2	0.001398	0.003773
幼稚園	2	0.001398	0.003773
人生	2	0.001398	0.003773
おし	2	0.001398	0.003773
脇	2	0.001398	0.003773
徳光	2	0.001398	0.003773
國學院大學	2	0.001398	0.003773
天理教	2	0.001398	0.003773
金光	2	0.001398	0.003773
1859	2	0.001398	0.003773
1869	2	0.001398	0.003773
大社	2	0.001398	0.003773
1882	2	0.001398	0.003773
1892	2	0.001398	0.003773
荒	2	0.001398	0.003773
1900	2	0.001398	0.003773
1913	2	0.001398	0.003773
居	2	0.001398	0.003773
1857	2	0.001398	0.003773
1884	2	0.001398	0.003773
眞	2	0.001398	0.003773
崇	2	0.001398	0.003773
妙	2	0.001398	0.003773
あり	4	0.002795	0.003636
文献	3	0.002096	0.003561
称する	2	0.001398	0.003521
慰霊	2	0.001398	0.003521
遊園	2	0.001398	0.003521
真	2	0.001398	0.003521
成	2	0.001398	0.003521
会館	2	0.001398	0.003521
出雲	2	0.001398	0.003521
理	2	0.001398	0.003521
1880	2	0.001398	0.003521
1905	2	0.001398	0.003521
柱	2	0.001398	0.003521
僧	2	0.001398	0.003521
浄土真宗	2	0.001398	0.003521
事典	5	0.003494	0.003494
情報	3	0.002096	0.003358
応じ	2	0.001398	0.003352
照	2	0.001398	0.003352
1946	2	0.001398	0.003352
清水	2	0.001398	0.003352
研究所	2	0.001398	0.003352
1917	2	0.001398	0.003352
聖	2	0.001398	0.003352
自分	2	0.001398	0.003217
1925	2	0.001398	0.003217
できる	3	0.002096	0.003096
1947	2	0.001398	0.003081
明	2	0.001398	0.003081
1966	2	0.001398	0.003081
女子	2	0.001398	0.003000
1959	2	0.001398	0.003000
1927	2	0.001398	0.003000
1935	2	0.001398	0.003000
1929	2	0.001398	0.003000
1952	2	0.001398	0.003000
1979	2	0.001398	0.003000
1987	2	0.001398	0.003000
各地	2	0.001398	0.002907
1934	2	0.001398	0.002907
委員	2	0.001398	0.002907
四	2	0.001398	0.002854
完全	2	0.001398	0.002854
団体	2	0.001398	0.002854
1941	2	0.001398	0.002854
沿革	2	0.001398	0.002796
様々	2	0.001398	0.002796
本	2	0.001398	0.002796
A	4	0.002795	0.002795
通称	2	0.001398	0.002732
小学校	2	0.001398	0.002732
1973	2	0.001398	0.002732
1986	2	0.001398	0.002732
11	3	0.002096	0.002727
・	3	0.002096	0.002727
二	3	0.002096	0.002727
専門	2	0.001398	0.002661
十	2	0.001398	0.002661
人	2	0.001398	0.002579
内容	2	0.001398	0.002486
でき	2	0.001398	0.002375
1980	2	0.001398	0.002375
社会	2	0.001398	0.002375
文化	2	0.001398	0.002375
95	2	0.001398	0.002375
概要	2	0.001398	0.002240
主	2	0.001398	0.002240
呼ば	2	0.001398	0.002240
21	2	0.001398	0.002240
昭和	2	0.001398	0.002240
BC	2	0.001398	0.002240
みき	1	0.000699	0.002097
大元	1	0.000699	0.002097
おかみ	1	0.000699	0.002097
げん	1	0.000699	0.002097
れい	1	0.000699	0.002097
とも	1	0.000699	0.002097
万国	1	0.000699	0.002097
塔	1	0.000699	0.002097
桜ケ丘	1	0.000699	0.002097
旧名	1	0.000699	0.002097
各人	1	0.000699	0.002097
個性	1	0.000699	0.002097
最大限	1	0.000699	0.002097
身の回り	1	0.000699	0.002097
苦痛	1	0.000699	0.002097
知らせる	1	0.000699	0.002097
とらえ	1	0.000699	0.002097
戒律	1	0.000699	0.002097
処世	1	0.000699	0.002097
訓	1	0.000699	0.002097
説く	1	0.000699	0.002097
平穏	1	0.000699	0.002097
無事	1	0.000699	0.002097
過ごせ	1	0.000699	0.002097
祈り	1	0.000699	0.002097
迫力	1	0.000699	0.002097
風物詩	1	0.000699	0.002097
教義	1	0.000699	0.002097
ささげる	1	0.000699	0.002097
ざさ	1	0.000699	0.002097
愛児	1	0.000699	0.002097
地鎮祭	1	0.000699	0.002097
先祖	1	0.000699	0.002097
詣り	1	0.000699	0.002097
バトントワリング	1	0.000699	0.002097
PLMBA	1	0.000699	0.002097
道場	1	0.000699	0.002097
グランド	1	0.000699	0.002097
ぷらっと	1	0.000699	0.002097
世間	1	0.000699	0.002097
必勝	1	0.000699	0.002097
誓う	1	0.000699	0.002097
遂断	1	0.000699	0.002097
神事	1	0.000699	0.002097
しきり	1	0.000699	0.002097
とり	1	0.000699	0.002097
とらわれる	1	0.000699	0.002097
無碍	1	0.000699	0.002097
心がけ	1	0.000699	0.002097
役立つ	1	0.000699	0.002097
天職	1	0.000699	0.002097
明るく	1	0.000699	0.002097
楽しく	1	0.000699	0.002097
過ごす	1	0.000699	0.002097
神葬	1	0.000699	0.002097
準じ	1	0.000699	0.002097
冠	1	0.000699	0.002097
道徳	1	0.000699	0.002097
008	1	0.000699	0.002097
敷	1	0.000699	0.002097
大広間	1	0.000699	0.002097
鉄筋	1	0.000699	0.002097
東大阪	1	0.000699	0.002097
特高	1	0.000699	0.002097
さる	1	0.000699	0.002097
勅語	1	0.000699	0.002097
問わ	1	0.000699	0.002097
憂き目	1	0.000699	0.002097
あう	1	0.000699	0.002097
鍬	1	0.000699	0.002097
入	1	0.000699	0.002097
打ち上げる	1	0.000699	0.002097
ヨハネ	1	0.000699	0.002097
資金	1	0.000699	0.002097
サラ金	1	0.000699	0.002097
役員	1	0.000699	0.002097
一彦	1	0.000699	0.002097
代務	1	0.000699	0.002097
過料	1	0.000699	0.002097
処し	1	0.000699	0.002097
明治大学	1	0.000699	0.002097
河内永和	1	0.000699	0.002097
光丘	1	0.000699	0.002097
宝生	1	0.000699	0.002097
三郎	1	0.000699	0.002097
楽天	1	0.000699	0.002097
イーグルス	1	0.000699	0.002097
コーチ	1	0.000699	0.002097
清原	1	0.000699	0.002097
和博	1	0.000699	0.002097
桑田	1	0.000699	0.002097
真澄	1	0.000699	0.002097
パーフェクトリバティー教団	1	0.000699	0.002097
文教	1	0.000699	0.002097
讃仰	1	0.000699	0.002097
二代教祖御木徳近日知	1	0.000699	0.002097
4328012789	1	0.000699	0.002097
雅人	1	0.000699	0.002097
4804352058	1	0.000699	0.002097
YTV	1	0.000699	0.002097
4377302396	1	0.000699	0.002097
4335160372	1	0.000699	0.002097
4335160283	1	0.000699	0.002097
4335160259	1	0.000699	0.002097
4335160232	1	0.000699	0.002097
4335160356	1	0.000699	0.002097
4022586060	1	0.000699	0.002097
後編	1	0.000699	0.002097
松野	1	0.000699	0.002097
純孝	1	0.000699	0.002097
ディレクトリ	1	0.000699	0.002097
歴戦	1	0.000699	0.002097
大神宮	1	0.000699	0.002097
円応教	1	0.000699	0.002097
大山ねずの命神示教会	1	0.000699	0.002097
善隣	1	0.000699	0.002097
ぶし	1	0.000699	0.002097
紀元	1	0.000699	0.002097
慈秀	1	0.000699	0.002097
光波	1	0.000699	0.002097
ワールドメイト	1	0.000699	0.002097
法華	1	0.000699	0.002097
敬神	1	0.000699	0.002097
普	1	0.000699	0.002097
法会	1	0.000699	0.002097
護	1	0.000699	0.002097
智	1	0.000699	0.002097
會教	1	0.000699	0.002097
法師	1	0.000699	0.002097
正信会	1	0.000699	0.002097
在家	1	0.000699	0.002097
こころ	1	0.000699	0.002097
浄土	1	0.000699	0.002097
浄土真宗親鸞会	1	0.000699	0.002097
三寶山無量壽寺	1	0.000699	0.002097
密教	1	0.000699	0.002097
光明	1	0.000699	0.002097
阿含宗	1	0.000699	0.002097
言	1	0.000699	0.002097
オウム真理教	1	0.000699	0.002097
ホアハオ	1	0.000699	0.002097
末日	1	0.000699	0.002097
聖徒	1	0.000699	0.002097
モル	1	0.000699	0.002097
モン	1	0.000699	0.002097
1830	1	0.000699	0.002097
エホバ	1	0.000699	0.002097
証人	1	0.000699	0.002097
ブランチ・ダビディアン	1	0.000699	0.002097
御霊	1	0.000699	0.002097
幕屋	1	0.000699	0.002097
統一教会	1	0.000699	0.002097
ファミリー	1	0.000699	0.002097
摂理	1	0.000699	0.002097
イスラム教	1	0.000699	0.002097
バーブ	1	0.000699	0.002097
1844	1	0.000699	0.002097
バハーイー	1	0.000699	0.002097
1863	1	0.000699	0.002097
アフマディーヤ	1	0.000699	0.002097
UFO	1	0.000699	0.002097
サイエントロジー	1	0.000699	0.002097
ヘヴンズ・ゲート	1	0.000699	0.002097
ラエリアン	1	0.000699	0.002097
アバターコース	1	0.000699	0.002097
神智	1	0.000699	0.002097
人智	1	0.000699	0.002097
カオダイ	1	0.000699	0.002097
瑠璃	1	0.000699	0.002097
シルバメソッド	1	0.000699	0.002097
GLA	1	0.000699	0.002097
千乃	1	0.000699	0.002097
正法	1	0.000699	0.002097
偕和	1	0.000699	0.002097
會	1	0.000699	0.002097
幸福	1	0.000699	0.002097
ランドマーク・エデュケーション	1	0.000699	0.002097
法輪	1	0.000699	0.002097
教派	1	0.000699	0.002097
4	3	0.002096	0.002096
6	3	0.002096	0.002096
8	3	0.002096	0.002096
9	3	0.002096	0.002096
ある	3	0.002096	0.002096
なっ	3	0.002096	0.002096
82	3	0.002096	0.002096
あっ	2	0.001398	0.002065
人物	2	0.001398	0.002065
タワー	1	0.000699	0.001887
立つ	1	0.000699	0.001887
短大	1	0.000699	0.001887
ランド	1	0.000699	0.001887
目標	1	0.000699	0.001887
傾き	1	0.000699	0.001887
個々	1	0.000699	0.001887
癖	1	0.000699	0.001887
とる	1	0.000699	0.001887
元旦	1	0.000699	0.001887
迎え	1	0.000699	0.001887
正月	1	0.000699	0.001887
残し	1	0.000699	0.001887
捧げる	1	0.000699	0.001887
解く	1	0.000699	0.001887
気持ち	1	0.000699	0.001887
結婚式	1	0.000699	0.001887
華道	1	0.000699	0.001887
芸	1	0.000699	0.001887
硬式	1	0.000699	0.001887
意味合い	1	0.000699	0.001887
しんじ	1	0.000699	0.001887
間違え	1	0.000699	0.001887
毎日	1	0.000699	0.001887
上部	1	0.000699	0.001887
上る	1	0.000699	0.001887
モニュメント	1	0.000699	0.001887
位置づけ	1	0.000699	0.001887
永和	1	0.000699	0.001887
盛岡	1	0.000699	0.001887
支部	1	0.000699	0.001887
当局	1	0.000699	0.001887
引き継ぐ	1	0.000699	0.001887
鳥栖	1	0.000699	0.001887
衛生	1	0.000699	0.001887
義務づけ	1	0.000699	0.001887
財産	1	0.000699	0.001887
書類	1	0.000699	0.001887
地裁	1	0.000699	0.001887
最寄り駅	1	0.000699	0.001887
食堂	1	0.000699	0.001887
米田	1	0.000699	0.001887
慶	1	0.000699	0.001887
是	1	0.000699	0.001887
朝日新聞社	1	0.000699	0.001887
第一法規出版	1	0.000699	0.001887
辞典	1	0.000699	0.001887
皇	1	0.000699	0.001887
ス	1	0.000699	0.001887
慧	1	0.000699	0.001887
キリスト教	1	0.000699	0.001887
クリスチャン	1	0.000699	0.001887
サイエンス	1	0.000699	0.001887
1879	1	0.000699	0.001887
インターナショナル	1	0.000699	0.001887
ネーション・オブ・イスラム	1	0.000699	0.001887
1875	1	0.000699	0.001887
悪魔	1	0.000699	0.001887
ライフ	1	0.000699	0.001887
学会	1	0.000699	0.001887
時代	2	0.001398	0.001819
10	2	0.001398	0.001819
外部	2	0.001398	0.001819
だい	1	0.000699	0.001760
短期大学	1	0.000699	0.001760
人類	1	0.000699	0.001760
邪魔	1	0.000699	0.001760
日常	1	0.000699	0.001760
幸せ	1	0.000699	0.001760
敷か	1	0.000699	0.001760
まち	1	0.000699	0.001760
茶道	1	0.000699	0.001760
球場	1	0.000699	0.001760
葬儀	1	0.000699	0.001760
ABC	1	0.000699	0.001760
つい	1	0.000699	0.001760
建	1	0.000699	0.001760
大神	1	0.000699	0.001760
佐賀	1	0.000699	0.001760
現在地	1	0.000699	0.001760
名簿	1	0.000699	0.001760
三宅	1	0.000699	0.001760
財団	1	0.000699	0.001760
旧制	1	0.000699	0.001760
道	1	0.000699	0.001760
裕	1	0.000699	0.001760
生態	1	0.000699	0.001760
岩波	1	0.000699	0.001760
語る	1	0.000699	0.001760
昭	1	0.000699	0.001760
文明	1	0.000699	0.001760
正義	1	0.000699	0.001760
真宗	1	0.000699	0.001760
眼	1	0.000699	0.001760
1881	1	0.000699	0.001760
人民	1	0.000699	0.001760
寺院	1	0.000699	0.001760
1889	1	0.000699	0.001760
1919	1	0.000699	0.001760
功	1	0.000699	0.001760
敷地	1	0.000699	0.001676
永遠	1	0.000699	0.001676
起こる	1	0.000699	0.001676
世界中	1	0.000699	0.001676
過程	1	0.000699	0.001676
強く	1	0.000699	0.001676
犠牲	1	0.000699	0.001676
1931	1	0.000699	0.001676
静岡	1	0.000699	0.001676
男子	1	0.000699	0.001676
無断	1	0.000699	0.001676
中野	1	0.000699	0.001676
前身	1	0.000699	0.001676
医療	1	0.000699	0.001676
大衆	1	0.000699	0.001676
新書	1	0.000699	0.001676
裁判	1	0.000699	0.001676
希	1	0.000699	0.001676
会	1	0.000699	0.001676
1956	1	0.000699	0.001676
高校	1	0.000699	0.001608
福祉	1	0.000699	0.001608
自己	1	0.000699	0.001608
いい	1	0.000699	0.001608
明確	1	0.000699	0.001608
娘	1	0.000699	0.001608
容疑	1	0.000699	0.001608
国有	1	0.000699	0.001608
1974	1	0.000699	0.001608
池田	1	0.000699	0.001608
書房	1	0.000699	0.001608
政治	1	0.000699	0.001608
光	1	0.000699	0.001608
地元	1	0.000699	0.001541
み	1	0.000699	0.001541
左	1	0.000699	0.001541
安全	1	0.000699	0.001541
1937	1	0.000699	0.001541
1963	1	0.000699	0.001541
千	1	0.000699	0.001541
精神	1	0.000699	0.001541
マルチメディア	1	0.000699	0.001541
仏	1	0.000699	0.001541
1939	1	0.000699	0.001541
至る	1	0.000699	0.001500
右	1	0.000699	0.001500
言う	1	0.000699	0.001500
有する	1	0.000699	0.001500
グループ	1	0.000699	0.001500
資料	1	0.000699	0.001500
1962	1	0.000699	0.001500
1975	1	0.000699	0.001500
1969	1	0.000699	0.001500
スペース	1	0.000699	0.001500
1991	1	0.000699	0.001500
もと	1	0.000699	0.001453
重要	1	0.000699	0.001453
受ける	1	0.000699	0.001453
人間	1	0.000699	0.001453
00	1	0.000699	0.001453
地	1	0.000699	0.001453
1955	1	0.000699	0.001453
プロ	1	0.000699	0.001453
1958	1	0.000699	0.001453
有名	1	0.000699	0.001427
国内	1	0.000699	0.001427
年	1	0.000699	0.001427
選手	1	0.000699	0.001427
出典	2	0.001398	0.001398
7	2	0.001398	0.001398
項目	2	0.001398	0.001398
特徴	1	0.000699	0.001398
呼ぶ	1	0.000699	0.001398
与え	1	0.000699	0.001398
ラジオ	1	0.000699	0.001398
新しい	1	0.000699	0.001398
現代	1	0.000699	0.001398
世紀	1	0.000699	0.001398
1945	1	0.000699	0.001398
1968	1	0.000699	0.001398
s	1	0.000699	0.001398
91	1	0.000699	0.001398
対象	1	0.000699	0.001366
日	1	0.000699	0.001366
なく	1	0.000699	0.001366
50	1	0.000699	0.001366
1967	1	0.000699	0.001366
科学	1	0.000699	0.001366
99	1	0.000699	0.001366
大正	1	0.000699	0.001330
規模	1	0.000699	0.001330
事件	1	0.000699	0.001330
1985	1	0.000699	0.001330
中央	1	0.000699	0.001330
1992	1	0.000699	0.001330
自身	1	0.000699	0.001290
せ	1	0.000699	0.001290
全国	1	0.000699	0.001290
いう	1	0.000699	0.001290
1999	1	0.000699	0.001290
1995	1	0.000699	0.001290
他	1	0.000699	0.001290
ウィキメディア・コモンズ	1	0.000699	0.001290
AF	1	0.000699	0.001290
86	1	0.000699	0.001290
2010	1	0.000699	0.001243
公式	1	0.000699	0.001188
29	1	0.000699	0.001188
行っ	1	0.000699	0.001188
交通	1	0.000699	0.001188
万	1	0.000699	0.001188
東京	1	0.000699	0.001188
88	1	0.000699	0.001188
AA	1	0.000699	0.001188
多い	1	0.000699	0.001120
必要	1	0.000699	0.001120
90	1	0.000699	0.001120
2004	1	0.000699	0.001033
12	1	0.000699	0.000909
歴	1	0.000699	0.000909
フリー	1	0.000699	0.000699
百科	1	0.000699	0.000699
ウィキペディア	1	0.000699	0.000699
Wikipedia	1	0.000699	0.000699
ナビゲーション	1	0.000699	0.000699
目次	1	0.000699	0.000699
http	1	0.000699	0.000699
ja	1	0.000699	0.000699
wikipedia	1	0.000699	0.000699
org	1	0.000699	0.000699
wiki	1	0.000699	0.000699
B	1	0.000699	0.000699
カテゴリ	1	0.000699	0.000699
