流	19	0.018943	0.047708
音楽	23	0.022931	0.043640
琉球	13	0.012961	0.038883
の	33	0.032901	0.032901
古典	12	0.011964	0.028689
。	27	0.026919	0.026919
冨	9	0.008973	0.026919
安	10	0.009970	0.023907
祖	9	0.008973	0.022599
野村	9	0.008973	0.022599
、	22	0.021934	0.021934
節	10	0.009970	0.020353
工	8	0.007976	0.020088
湛	7	0.006979	0.018836
は	17	0.016949	0.016949
%	17	0.016949	0.016949
設立	8	0.007976	0.015952
沖縄	7	0.006979	0.015383
と	15	0.014955	0.014955
水流	5	0.004985	0.014955
が	14	0.013958	0.013958
た	13	0.012961	0.012961
・	13	0.012961	0.012961
流派	4	0.003988	0.011964
聞覚	4	0.003988	0.011964
絃聲	4	0.003988	0.011964
年	12	0.011964	0.011964
文化財	5	0.004985	0.011471
曲	6	0.005982	0.011384
に	11	0.010967	0.010967
れ	11	0.010967	0.010967
て	11	0.010967	0.010967
[	11	0.010967	0.010967
]	11	0.010967	0.010967
無形	4	0.003988	0.010763
さ	10	0.009970	0.009970
を	10	0.009970	0.009970
編集	10	0.009970	0.009970
会	6	0.005982	0.009584
認定	4	0.003988	0.009563
で	9	0.008973	0.008973
「	9	0.008973	0.008973
」	9	0.008973	0.008973
喜名	3	0.002991	0.008973
作田	3	0.002991	0.008973
楽曲	4	0.003988	0.008790
朝	4	0.003988	0.008559
指定	4	0.003988	0.008292
四	4	0.003988	0.008141
国宝	3	0.002991	0.008073
称さ	3	0.002991	0.008073
楽譜	3	0.002991	0.008073
や	8	0.007976	0.007976
特徴	4	0.003988	0.007976
よう	6	0.005982	0.007783
照	3	0.002991	0.007172
として	7	0.006979	0.006979
2	7	0.006979	0.006979
伝統	3	0.002991	0.006882
47	3	0.002991	0.006593
によって	5	0.004985	0.006486
県	5	0.004985	0.006486
保存	3	0.002991	0.006419
人間	3	0.002991	0.006219
1960	3	0.002991	0.006106
作法	2	0.001994	0.005982
親方	2	0.001994	0.005982
知念	2	0.001994	0.005982
弟子	2	0.001994	0.005982
深山	2	0.001994	0.005982
幽谷	2	0.001994	0.005982
な	6	0.005982	0.005982
.	6	0.005982	0.005982
E	6	0.005982	0.005982
協会	3	0.002991	0.005982
主	4	0.003988	0.005891
だ	4	0.003988	0.005189
28	3	0.002991	0.005082
線	3	0.002991	0.005082
来歴	2	0.001994	0.005022
（	5	0.004985	0.004985
）	5	0.004985	0.004985
い	5	0.004985	0.004985
5	5	0.004985	0.004985
れる	5	0.004985	0.004985
昭和	3	0.002991	0.004792
三	3	0.002991	0.004418
声	2	0.001994	0.004395
歌	2	0.001994	0.004279
世	2	0.001994	0.004146
ある	4	0.003988	0.003988
その	4	0.003988	0.003988
も	4	0.003988	0.003988
4	4	0.003988	0.003988
し	4	0.003988	0.003988
広く	2	0.001994	0.003988
られる	3	0.002991	0.003891
12	3	0.002991	0.003891
水	2	0.001994	0.003546
文献	2	0.001994	0.003388
概要	2	0.001994	0.003195
参考	2	0.001994	0.003195
呼ば	2	0.001994	0.003195
90	2	0.001994	0.003195
ゅうきゅうこてんおんがく	1	0.000997	0.002991
宮廷	1	0.000997	0.002991
士族	1	0.000997	0.002991
封	1	0.000997	0.002991
使	1	0.000997	0.002991
接	1	0.000997	0.002991
遇	1	0.000997	0.002991
舞踊	1	0.000997	0.002991
組踊	1	0.000997	0.002991
幸地	1	0.000997	0.002991
屋嘉	1	0.000997	0.002991
謡曲	1	0.000997	0.002991
当流	1	0.000997	0.002991
打ち立てる	1	0.000997	0.002991
平民	1	0.000997	0.002991
姓	1	0.000997	0.002991
績	1	0.000997	0.002991
績高	1	0.000997	0.002991
趙	1	0.000997	0.002991
1867	1	0.000997	0.002991
親しみ	1	0.000997	0.002991
欽定	1	0.000997	0.002991
親しま	1	0.000997	0.002991
安室	1	0.000997	0.002991
対称	1	0.000997	0.002991
兄弟子	1	0.000997	0.002991
会派	1	0.000997	0.002991
技巧	1	0.000997	0.002991
奏法	1	0.000997	0.002991
首	1	0.000997	0.002991
ぢ	1	0.000997	0.002991
やん	1	0.000997	0.002991
諸鈍	1	0.000997	0.002991
暁	1	0.000997	0.002991
早	1	0.000997	0.002991
揚	1	0.000997	0.002991
新里	1	0.000997	0.002991
抑揚	1	0.000997	0.002991
節回し	1	0.000997	0.002991
師匠	1	0.000997	0.002991
歌唱	1	0.000997	0.002991
仕草	1	0.000997	0.002991
模	1	0.000997	0.002991
歌い	1	0.000997	0.002991
口承	1	0.000997	0.002991
厦高	1	0.000997	0.002991
楼	1	0.000997	0.002991
伊差川	1	0.000997	0.002991
瑞	1	0.000997	0.002991
国男	1	0.000997	0.002991
発刊	1	0.000997	0.002991
松村	1	0.000997	0.002991
統	1	0.000997	0.002991
絃会	1	0.000997	0.002991
保持	1	0.000997	0.002991
島袋	1	0.000997	0.002991
正雄	1	0.000997	0.002991
朝一	1	0.000997	0.002991
城間	1	0.000997	0.002991
德太	1	0.000997	0.002991
おもろ	1	0.000997	0.002991
御座	1	0.000997	0.002991
おき	1	0.000997	0.002991
悠久	1	0.000997	0.002991
誘い	1	0.000997	0.002991
読み方	1	0.000997	0.002991
安富祖	1	0.000997	0.002991
:	3	0.002991	0.002991
3	3	0.002991	0.002991
関連	3	0.002991	0.002991
項目	3	0.002991	0.002991
月	3	0.002991	0.002991
日	3	0.002991	0.002991
9	3	0.002991	0.002991
ない	3	0.002991	0.002991
いる	3	0.002991	0.002991
者	3	0.002991	0.002991
F	2	0.001994	0.002945
王朝	1	0.000997	0.002691
羽	1	0.000997	0.002691
秀	1	0.000997	0.002691
教養	1	0.000997	0.002691
奨励	1	0.000997	0.002691
冊	1	0.000997	0.002691
披露	1	0.000997	0.002691
曲目	1	0.000997	0.002691
余	1	0.000997	0.002691
学ん	1	0.000997	0.002691
技法	1	0.000997	0.002691
実績	1	0.000997	0.002691
築い	1	0.000997	0.002691
晩年	1	0.000997	0.002691
泰	1	0.000997	0.002691
簡素	1	0.000997	0.002691
編纂	1	0.000997	0.002691
取り組む	1	0.000997	0.002691
持	1	0.000997	0.002691
伝える	1	0.000997	0.002691
昔	1	0.000997	0.002691
端	1	0.000997	0.002691
住	1	0.000997	0.002691
伝わっ	1	0.000997	0.002691
礼	1	0.000997	0.002691
学べる	1	0.000997	0.002691
楽	1	0.000997	0.002691
劇場	1	0.000997	0.002691
考察	1	0.000997	0.002691
外部	2	0.001994	0.002594
もの	2	0.001994	0.002594
現在	2	0.001994	0.002594
り	1	0.000997	0.002511
総称	1	0.000997	0.002511
薩摩	1	0.000997	0.002511
複数	1	0.000997	0.002511
賢	1	0.000997	0.002511
忠	1	0.000997	0.002511
寄	1	0.000997	0.002511
尚	1	0.000997	0.002511
やすく	1	0.000997	0.002511
創始	1	0.000997	0.002511
独特	1	0.000997	0.002511
こなす	1	0.000997	0.002511
附	1	0.000997	0.002511
誰	1	0.000997	0.002511
1924	1	0.000997	0.002511
伝承	1	0.000997	0.002511
幕府	1	0.000997	0.002391
継承	1	0.000997	0.002391
王	1	0.000997	0.002391
歌詞	1	0.000997	0.002391
大衆	1	0.000997	0.002391
1931	1	0.000997	0.002391
郎	1	0.000997	0.002391
演奏	1	0.000997	0.002294
始まり	1	0.000997	0.002294
見る	1	0.000997	0.002294
里	1	0.000997	0.002294
不明	1	0.000997	0.002294
記載	1	0.000997	0.002294
創立	1	0.000997	0.002294
一種	1	0.000997	0.002198
藩	1	0.000997	0.002198
命	1	0.000997	0.002198
今日	1	0.000997	0.002198
わ	1	0.000997	0.002198
政策	1	0.000997	0.002140
組み合わせ	1	0.000997	0.002140
比	1	0.000997	0.002140
独自	1	0.000997	0.002140
残っ	1	0.000997	0.002140
1983	1	0.000997	0.002140
様	1	0.000997	0.002140
今	1	0.000997	0.002140
続い	1	0.000997	0.002140
八	1	0.000997	0.002140
周年	1	0.000997	0.002140
加え	1	0.000997	0.002073
正	1	0.000997	0.002073
異なる	1	0.000997	0.002073
挙げ	1	0.000997	0.002073
1955	1	0.000997	0.002073
1982	1	0.000997	0.002073
重要	1	0.000997	0.002073
国立	1	0.000997	0.002073
方法	1	0.000997	0.002073
しか	1	0.000997	0.002035
詳細	1	0.000997	0.002035
BD	1	0.000997	0.002035
1	2	0.001994	0.001994
6	2	0.001994	0.001994
リンク	2	0.001994	0.001994
から	2	0.001994	0.001994
あっ	2	0.001994	0.001994
より	2	0.001994	0.001994
この	2	0.001994	0.001994
的	2	0.001994	0.001994
なっ	2	0.001994	0.001994
/	2	0.001994	0.001994
7	2	0.001994	0.001994
8	2	0.001994	0.001994
A	2	0.001994	0.001994
B	2	0.001994	0.001994
200	1	0.000997	0.001994
以後	1	0.000997	0.001994
与え	1	0.000997	0.001994
少なく	1	0.000997	0.001994
江戸	1	0.000997	0.001948
ながら	1	0.000997	0.001948
考え	1	0.000997	0.001948
手	1	0.000997	0.001948
記念	1	0.000997	0.001948
ポータル	1	0.000997	0.001948
技術	1	0.000997	0.001897
完成	1	0.000997	0.001897
十	1	0.000997	0.001897
用い	1	0.000997	0.001840
形	1	0.000997	0.001840
種	1	0.000997	0.001840
以下	1	0.000997	0.001840
ウィキプロジェクト	1	0.000997	0.001840
に対する	1	0.000997	0.001773
結果	1	0.000997	0.001773
における	1	0.000997	0.001773
高	1	0.000997	0.001694
以降	1	0.000997	0.001694
85	1	0.000997	0.001694
文化	1	0.000997	0.001694
出身	1	0.000997	0.001597
一覧	1	0.000997	0.001597
89	1	0.000997	0.001597
地	1	0.000997	0.001473
について	1	0.000997	0.001473
上	1	0.000997	0.001473
受け	1	0.000997	0.001473
化	1	0.000997	0.001473
元	1	0.000997	0.001473
場合	1	0.000997	0.001473
性	1	0.000997	0.001473
なお	1	0.000997	0.001473
国	1	0.000997	0.001473
書き	1	0.000997	0.001473
加筆	1	0.000997	0.001473
訂正	1	0.000997	0.001473
下さる	1	0.000997	0.001473
時代	1	0.000997	0.001297
による	1	0.000997	0.001297
まで	1	0.000997	0.001297
という	1	0.000997	0.001297
大	1	0.000997	0.001297
一	1	0.000997	0.001297
かけ	1	0.000997	0.001297
です	1	0.000997	0.001297
協力	1	0.000997	0.001297
求め	1	0.000997	0.001297
ます	1	0.000997	0.001297
出典	1	0.000997	0.000997
フリー	1	0.000997	0.000997
百科	1	0.000997	0.000997
事典	1	0.000997	0.000997
『	1	0.000997	0.000997
ウィキペディア	1	0.000997	0.000997
Wikipedia	1	0.000997	0.000997
』	1	0.000997	0.000997
移動	1	0.000997	0.000997
ナビゲーション	1	0.000997	0.000997
,	1	0.000997	0.000997
検索	1	0.000997	0.000997
目次	1	0.000997	0.000997
非	1	0.000997	0.000997
表示	1	0.000997	0.000997
こと	1	0.000997	0.000997
後	1	0.000997	0.000997
あり	1	0.000997	0.000997
へ	1	0.000997	0.000997
など	1	0.000997	0.000997
http	1	0.000997	0.000997
://	1	0.000997	0.000997
ja	1	0.000997	0.000997
wikipedia	1	0.000997	0.000997
org	1	0.000997	0.000997
wiki	1	0.000997	0.000997
/%	1	0.000997	0.000997
83	1	0.000997	0.000997
作成	1	0.000997	0.000997
カテゴリ	1	0.000997	0.000997
日本	1	0.000997	0.000997
|	1	0.000997	0.000997
