ST	23	0.049569	0.148707
250	24	0.051724	0.119018
Etype	9	0.019397	0.058191
mm	12	0.025862	0.055503
スズキ	8	0.017241	0.043422
さ	16	0.034483	0.034483
2	16	0.034483	0.034483
エンジン	5	0.010776	0.027140
オートバイ	4	0.008621	0.025863
ボルティー	4	0.008621	0.025863
カスタマイズ	4	0.008621	0.025863
S	5	0.010776	0.021552
l	3	0.006466	0.019398
セル	3	0.006466	0.019398
モデル	4	0.008621	0.019002
kg	4	0.008621	0.017925
フェンダー	3	0.006466	0.017452
し	8	0.017241	0.017241
バルブ	3	0.006466	0.016285
価格	3	0.006466	0.016285
1	7	0.015086	0.015086
3	7	0.015086	0.015086
M	3	0.006466	0.014252
行わ	4	0.008621	0.013811
スタンダード	2	0.004310	0.012930
シンプル	2	0.004310	0.012930
バイク	2	0.004310	0.012930
シリンダー	2	0.004310	0.012930
メッキ	2	0.004310	0.012930
ボルティ	2	0.004310	0.012930
Nm	2	0.004310	0.012930
6000	2	0.004310	0.012930
770	2	0.004310	0.012930
ガス	2	0.004310	0.012930
マフラー	2	0.004310	0.012930
デザインスタディモデル	2	0.004310	0.012930
C	4	0.008621	0.012734
東京モーターショー	2	0.004310	0.011633
気筒	2	0.004310	0.011633
kgm	2	0.004310	0.011633
rpm	2	0.004310	0.011633
750	2	0.004310	0.011633
シート	2	0.004310	0.011633
施し	2	0.004310	0.011633
km	3	0.006466	0.011498
18	3	0.006466	0.011498
後継	2	0.004310	0.010855
重量	2	0.004310	0.010855
90	3	0.006466	0.010359
車種	2	0.004310	0.010335
大幅	2	0.004310	0.010335
非常	2	0.004310	0.009917
61	2	0.004310	0.009917
2004	3	0.006466	0.009551
37	2	0.004310	0.009250
55	2	0.004310	0.009250
タイプ	2	0.004310	0.009250
4	4	0.008621	0.008621
なっ	4	0.008621	0.008621
E	4	0.008621	0.008621
自動車	2	0.004310	0.008620
全国	2	0.004310	0.007952
25	2	0.004310	0.007323
万	2	0.004310	0.007323
2008	2	0.004310	0.006905
2003	2	0.004310	0.006905
月	3	0.006466	0.006466
9	3	0.006466	0.006466
82	3	0.006466	0.006466
エスティー	1	0.002155	0.006465
ひゃく	1	0.002155	0.006465
じゅう	1	0.002155	0.006465
ストリート	1	0.002155	0.006465
フォルム	1	0.002155	0.006465
グラストラッカー	1	0.002155	0.006465
空冷	1	0.002155	0.006465
SOHC	1	0.002155	0.006465
249	1	0.002155	0.006465
SCEM	1	0.002155	0.006465
耐	1	0.002155	0.006465
熱	1	0.002155	0.006465
効率	1	0.002155	0.006465
ストローク	1	0.002155	0.006465
シングルディスクブレーキ	1	0.002155	0.006465
スポーク	1	0.002155	0.006465
ショック	1	0.002155	0.006465
366	1	0.002155	0.006465
手頃	1	0.002155	0.006465
機種	1	0.002155	0.006465
並	1	0.002155	0.006465
燃費	1	0.002155	0.006465
005	1	0.002155	0.006465
070	1	0.002155	0.006465
全幅	1	0.002155	0.006465
375	1	0.002155	0.006465
最低	1	0.002155	0.006465
165	1	0.002155	0.006465
125	1	0.002155	0.006465
129	1	0.002155	0.006465
127	1	0.002155	0.006465
733	1	0.002155	0.006465
866	1	0.002155	0.006465
キャスター	1	0.002155	0.006465
トレール	1	0.002155	0.006465
リヤタイヤ	1	0.002155	0.006465
ハザード	1	0.002155	0.006465
パッシングライト・スイッチ	1	0.002155	0.006465
スターター	1	0.002155	0.006465
マニュアルデコンプ	1	0.002155	0.006465
ヘッドライト	1	0.002155	0.006465
メーター	1	0.002155	0.006465
高級	1	0.002155	0.006465
有る	1	0.002155	0.006465
グラデーション	1	0.002155	0.006465
トランジスタ	1	0.002155	0.006465
CDI	1	0.002155	0.006465
フューエルインジェクション	1	0.002155	0.006465
触媒	1	0.002155	0.006465
質感	1	0.002155	0.006465
定価	1	0.002155	0.006465
税込み	1	0.002155	0.006465
DESIGN	1	0.002155	0.006465
STUDY	1	0.002155	0.006465
MODEL	1	0.002155	0.006465
（株）	1	0.002155	0.006465
セパレート	1	0.002155	0.006465
ハンドル	1	0.002155	0.006465
フロントカウル	1	0.002155	0.006465
レーサー	1	0.002155	0.006465
レッグシールド	1	0.002155	0.006465
ノスタルジック	1	0.002155	0.006465
醸し	1	0.002155	0.006465
SW	1	0.002155	0.006465
下さる	1	0.002155	0.006465
BBST	1	0.002155	0.006465
ボーイ	1	0.002155	0.005816
ps	1	0.002155	0.005816
ホイール	1	0.002155	0.005816
ツイン	1	0.002155	0.005816
樹脂	1	0.002155	0.005816
簡素	1	0.002155	0.005816
450	1	0.002155	0.005816
当たり	1	0.002155	0.005816
トルク	1	0.002155	0.005816
前期	1	0.002155	0.005816
325	1	0.002155	0.005816
107	1	0.002155	0.005816
フロント	1	0.002155	0.005816
タイヤ	1	0.002155	0.005816
110	1	0.002155	0.005816
スイッチ	1	0.002155	0.005816
ガソリン	1	0.002155	0.005816
タンク	1	0.002155	0.005816
変わり	1	0.002155	0.005816
フル	1	0.002155	0.005816
ステップ	1	0.002155	0.005816
アルミ	1	0.002155	0.005816
雰囲気	1	0.002155	0.005816
往年	1	0.002155	0.005816
外部	2	0.004310	0.005607
12	2	0.004310	0.005607
ビッグ	1	0.002155	0.005427
新規	1	0.002155	0.005427
cc	1	0.002155	0.005427
現行	1	0.002155	0.005427
工具	1	0.002155	0.005427
乗り	1	0.002155	0.005427
部品	1	0.002155	0.005427
スペック	1	0.002155	0.005427
次	1	0.002155	0.005427
160	1	0.002155	0.005427
51	1	0.002155	0.005427
マイナー	1	0.002155	0.005427
ベース	1	0.002155	0.005168
優れ	1	0.002155	0.005168
オプション	1	0.002155	0.005168
地上	1	0.002155	0.005168
大型	1	0.002155	0.005168
57	1	0.002155	0.004959
距離	1	0.002155	0.004959
120	1	0.002155	0.004959
進め	1	0.002155	0.004750
47	1	0.002155	0.004750
性能	1	0.002155	0.004750
無い	1	0.002155	0.004750
54	1	0.002155	0.004625
方式	1	0.002155	0.004625
シングル	1	0.002155	0.004625
似	1	0.002155	0.004625
最高	1	0.002155	0.004481
高速	1	0.002155	0.004481
最大	1	0.002155	0.004481
全長	1	0.002155	0.004481
00	1	0.002155	0.004481
加え	1	0.002155	0.004481
元	1	0.002155	0.004399
する	2	0.004310	0.004310
B	2	0.004310	0.004310
特徴	1	0.002155	0.004310
45	1	0.002155	0.004310
200	1	0.002155	0.004310
高い	1	0.002155	0.004211
92	1	0.002155	0.004211
基本	1	0.002155	0.003976
100	1	0.002155	0.003832
22	1	0.002155	0.003661
28	1	0.002155	0.003661
17	1	0.002155	0.003661
PJ	1	0.002155	0.003661
BA	1	0.002155	0.003661
多い	1	0.002155	0.003452
21	1	0.002155	0.003452
80	1	0.002155	0.003452
AD	1	0.002155	0.003452
世界	1	0.002155	0.003183
2007	1	0.002155	0.003183
15	1	0.002155	0.003183
書き	1	0.002155	0.003183
20	1	0.002155	0.002804
0	1	0.002155	0.002804
二	1	0.002155	0.002804
記事	1	0.002155	0.002804
求め	1	0.002155	0.002804
出典	1	0.002155	0.002155
フリー	1	0.002155	0.002155
百科	1	0.002155	0.002155
事典	1	0.002155	0.002155
ウィキペディア	1	0.002155	0.002155
Wikipedia	1	0.002155	0.002155
ナビゲーション	1	0.002155	0.002155
目次	1	0.002155	0.002155
ある	1	0.002155	0.002155
5	1	0.002155	0.002155
A	1	0.002155	0.002155
項目	1	0.002155	0.002155
http	1	0.002155	0.002155
ja	1	0.002155	0.002155
wikipedia	1	0.002155	0.002155
org	1	0.002155	0.002155
wiki	1	0.002155	0.002155
83	1	0.002155	0.002155
カテゴリ	1	0.002155	0.002155
