の	32	0.049383	0.049383
ガイア	6	0.009259	0.027777
（	16	0.024691	0.024691
）	16	0.024691	0.024691
を	14	0.021605	0.021605
。	13	0.020062	0.020062
で	12	0.018519	0.018519
翻訳	5	0.007716	0.017007
、	11	0.016975	0.016975
地球	4	0.006173	0.016661
は	10	0.015432	0.015432
[	10	0.015432	0.015432
]	10	0.015432	0.015432
著作	4	0.006173	0.014802
グリーンピース	3	0.004630	0.013890
捕鯨	3	0.004630	0.013890
屋久島	3	0.004630	0.012496
局長	3	0.004630	0.012496
幻冬舎	3	0.004630	0.012496
編集	8	0.012346	0.012346
に	8	0.012346	0.012346
%	8	0.012346	0.012346
書	4	0.006173	0.011748
名義	3	0.004630	0.011661
事務	3	0.004630	0.011102
-	7	0.010802	0.010802
た	7	0.010802	0.010802
運動	3	0.004630	0.009937
星川	2	0.003086	0.009258
親戚	2	0.003086	0.009258
ロック	2	0.003086	0.009258
西濃運輸	2	0.003086	0.009258
甥	2	0.003086	0.009258
七つ	2	0.003086	0.009258
生命	2	0.003086	0.009258
舎	2	0.003086	0.009258
プラブッダ	2	0.003086	0.009258
生活	3	0.004630	0.008543
戦	3	0.004630	0.008543
共著	2	0.003086	0.008329
注	2	0.003086	0.008329
ジェームズ	2	0.003086	0.008329
持ち出し	2	0.003086	0.008329
館	3	0.004630	0.008233
活動	3	0.004630	0.007866
社	3	0.004630	0.007866
淳	2	0.003086	0.007772
訳書	2	0.003086	0.007772
反	2	0.003086	0.007772
年	5	0.007716	0.007716
日本	5	0.007716	0.007716
し	5	0.007716	0.007716
・	5	0.007716	0.007716
|	5	0.007716	0.007716
理論	2	0.003086	0.007400
工作	2	0.003086	0.007101
家	3	0.004630	0.006839
世界	3	0.004630	0.006839
メンバー	2	0.003086	0.006802
圏	2	0.003086	0.006802
1952	2	0.003086	0.006623
る	2	0.003086	0.006623
発表	2	0.003086	0.006416
森	2	0.003086	0.006300
と	4	0.006173	0.006173
て	4	0.006173	0.006173
1	4	0.006173	0.006173
非	4	0.006173	0.006173
が	4	0.006173	0.006173
調査	2	0.003086	0.006172
戦争	2	0.003086	0.006031
　	3	0.004630	0.006024
事件	2	0.003086	0.005873
内容	2	0.003086	0.005487
作品	2	0.003086	0.004944
:	3	0.004630	0.004630
3	3	0.004630	0.004630
も	3	0.004630	0.004630
いる	3	0.004630	0.004630
や	3	0.004630	0.004630
する	3	0.004630	0.004630
また	3	0.004630	0.004630
6	3	0.004630	0.004630
7	3	0.004630	0.004630
9	3	0.004630	0.004630
(	3	0.004630	0.004630
)	3	0.004630	0.004630
E	3	0.004630	0.004630
B	3	0.004630	0.004630
スワミ・プレム・プラブッダ	1	0.001543	0.004629
九州芸術工科大学	1	0.001543	0.004629
中退	1	0.001543	0.004629
ピース	1	0.001543	0.004629
ラブ	1	0.001543	0.004629
ホクレア	1	0.001543	0.004629
ニューエイジ	1	0.001543	0.004629
多発	1	0.001543	0.004629
坂本	1	0.001543	0.004629
龍一	1	0.001543	0.004629
核	1	0.001543	0.004629
弾劾	1	0.001543	0.004629
日新	1	0.001543	0.004629
擁護	1	0.001543	0.004629
論陣	1	0.001543	0.004629
張っ	1	0.001543	0.004629
実妹	1	0.001543	0.004629
壱成	1	0.001543	0.004629
嫁	1	0.001543	0.004629
讃歌	1	0.001543	0.004629
南日本新聞社	1	0.001543	0.004629
翔	1	0.001543	0.004629
泳社	1	0.001543	0.004629
トンプソン	1	0.001543	0.004629
ベーリンジア	1	0.001543	0.004629
パラダイム	1	0.001543	0.004629
徳間書店	1	0.001543	0.004629
クジラ	1	0.001543	0.004629
殺す	1	0.001543	0.004629
イマジン	1	0.001543	0.004629
想像	1	0.001543	0.004629
め	1	0.001543	0.004629
くま	1	0.001543	0.004629
グルジェフ	1	0.001543	0.004629
不滅	1	0.001543	0.004629
白水	1	0.001543	0.004629
ジャン・ユドン	1	0.001543	0.004629
バグワン・シュリ・ラジニーシ	1	0.001543	0.004629
オショウ	1	0.001543	0.004629
和尚	1	0.001543	0.004629
OSHOU	1	0.001543	0.004629
メルクマール	1	0.001543	0.004629
スワミ・プラブッダ	1	0.001543	0.004629
ホーリーネーム	1	0.001543	0.004629
ラジニーシ	1	0.001543	0.004629
もらっ	1	0.001543	0.004629
憲法	1	0.001543	0.004629
格差	1	0.001543	0.004629
くいとめよ	1	0.001543	0.004629
みずほ	1	0.001543	0.004629
NGO	1	0.001543	0.004629
か	2	0.003086	0.004558
関係	2	0.003086	0.004558
主	2	0.003086	0.004558
ほし	1	0.001543	0.004165
じゅん	1	0.001543	0.004165
妻子	1	0.001543	0.004165
ジャパン	1	0.001543	0.004165
ハワイ	1	0.001543	0.004165
同時	1	0.001543	0.004165
原発	1	0.001543	0.004165
ヶ所	1	0.001543	0.004165
自宅	1	0.001543	0.004165
私物	1	0.001543	0.004165
純一	1	0.001543	0.004165
々	1	0.001543	0.004165
長男	1	0.001543	0.004165
いしだ	1	0.001543	0.004165
えみ	1	0.001543	0.004165
魂	1	0.001543	0.004165
築地	1	0.001543	0.004165
ライブラリー	1	0.001543	0.004165
旅路	1	0.001543	0.004165
ナイ	1	0.001543	0.004165
肖像	1	0.001543	0.004165
記憶	1	0.001543	0.004165
ライフ	1	0.001543	0.004165
合同	1	0.001543	0.004165
す	1	0.001543	0.004165
出会い	1	0.001543	0.004165
ラヴ	1	0.001543	0.004165
進化	1	0.001543	0.004165
対談	1	0.001543	0.004165
明石書店	1	0.001543	0.004165
事後	1	0.001543	0.004165
承認	1	0.001543	0.004165
HP	1	0.001543	0.004165
外部	2	0.003086	0.004015
時代	2	0.003086	0.004015
作家	1	0.001543	0.003886
インド	1	0.001543	0.003886
グリーン	1	0.001543	0.003886
テロ	1	0.001543	0.003886
六	1	0.001543	0.003886
処理	1	0.001543	0.003886
広範	1	0.001543	0.003886
乗組	1	0.001543	0.003886
送っ	1	0.001543	0.003886
関わり	1	0.001543	0.003886
関わっ	1	0.001543	0.003886
石田	1	0.001543	0.003886
タレント	1	0.001543	0.003886
三宅	1	0.001543	0.003886
平凡社	1	0.001543	0.003886
航海	1	0.001543	0.003886
ノア	1	0.001543	0.003886
同上	1	0.001543	0.003886
福島	1	0.001543	0.003886
燃料	1	0.001543	0.003700
無断	1	0.001543	0.003700
民主	1	0.001543	0.003700
希望	1	0.001543	0.003700
変え	1	0.001543	0.003700
星	1	0.001543	0.003700
士	1	0.001543	0.003700
ごらん	1	0.001543	0.003700
注目	1	0.001543	0.003700
べき	1	0.001543	0.003700
小説	1	0.001543	0.003700
あたる	1	0.001543	0.003550
手がけ	1	0.001543	0.003550
わ	1	0.001543	0.003401
移住	1	0.001543	0.003401
展開	1	0.001543	0.003401
船	1	0.001543	0.003401
なぜ	1	0.001543	0.003401
ー	1	0.001543	0.003401
反対	1	0.001543	0.003311
丸	1	0.001543	0.003311
一番	1	0.001543	0.003311
人々	1	0.001543	0.003311
98	1	0.001543	0.003311
1982	1	0.001543	0.003208
鹿児島	1	0.001543	0.003208
村	1	0.001543	0.003208
直接	1	0.001543	0.003208
妻	1	0.001543	0.003208
著	1	0.001543	0.003208
集	1	0.001543	0.003208
主義	1	0.001543	0.003150
存命	1	0.001543	0.003150
『	2	0.003086	0.003086
』	2	0.003086	0.003086
月	2	0.003086	0.003086
日	2	0.003086	0.003086
ある	2	0.003086	0.003086
後	2	0.003086	0.003086
より	2	0.003086	0.003086
な	2	0.003086	0.003086
5	2	0.003086	0.003086
関連	2	0.003086	0.003086
項目	2	0.003086	0.003086
リンク	2	0.003086	0.003086
「	2	0.003086	0.003086
」	2	0.003086	0.003086
から	2	0.003086	0.003086
.	2	0.003086	0.003086
近年	1	0.001543	0.003086
員	1	0.001543	0.003015
出版	1	0.001543	0.003015
科学	1	0.001543	0.003015
手	1	0.001543	0.003015
とともに	1	0.001543	0.002936
再	1	0.001543	0.002936
事業	1	0.001543	0.002847
かつて	1	0.001543	0.002847
多数	1	0.001543	0.002847
31	1	0.001543	0.002744
ら	1	0.001543	0.002744
水	1	0.001543	0.002744
子	1	0.001543	0.002744
町	1	0.001543	0.002744
アメリカ	1	0.001543	0.002622
2006	1	0.001543	0.002622
17	1	0.001543	0.002622
系	1	0.001543	0.002622
施設	1	0.001543	0.002622
万	1	0.001543	0.002622
公式	1	0.001543	0.002622
年生	1	0.001543	0.002622
多い	1	0.001543	0.002472
他	1	0.001543	0.002472
2008	1	0.001543	0.002472
う	1	0.001543	0.002472
元	1	0.001543	0.002279
.^	1	0.001543	0.002279
F	1	0.001543	0.002279
D	1	0.001543	0.002279
人物	1	0.001543	0.002279
県	1	0.001543	0.002007
現在	1	0.001543	0.002007
前	1	0.001543	0.002007
という	1	0.001543	0.002007
一	1	0.001543	0.002007
られる	1	0.001543	0.002007
：	1	0.001543	0.002007
出典	1	0.001543	0.001543
フリー	1	0.001543	0.001543
百科	1	0.001543	0.001543
事典	1	0.001543	0.001543
ウィキペディア	1	0.001543	0.001543
Wikipedia	1	0.001543	0.001543
移動	1	0.001543	0.001543
ナビゲーション	1	0.001543	0.001543
,	1	0.001543	0.001543
検索	1	0.001543	0.001543
へ	1	0.001543	0.001543
目次	1	0.001543	0.001543
表示	1	0.001543	0.001543
2	1	0.001543	0.001543
4	1	0.001543	0.001543
8	1	0.001543	0.001543
など	1	0.001543	0.001543
として	1	0.001543	0.001543
この	1	0.001543	0.001543
あり	1	0.001543	0.001543
その	1	0.001543	0.001543
あっ	1	0.001543	0.001543
ない	1	0.001543	0.001543
http	1	0.001543	0.001543
://	1	0.001543	0.001543
ja	1	0.001543	0.001543
wikipedia	1	0.001543	0.001543
org	1	0.001543	0.001543
/	1	0.001543	0.001543
wiki	1	0.001543	0.001543
/%	1	0.001543	0.001543
作成	1	0.001543	0.001543
カテゴリ	1	0.001543	0.001543
