ショップ	23	0.067449	0.182043
タレント	23	0.067449	0.169871
芸能人	7	0.020528	0.055404
グッズ	7	0.020528	0.051700
店舗	6	0.017595	0.047488
芸能	4	0.011730	0.031659
し	10	0.029326	0.029326
3	9	0.026393	0.026393
事務所	4	0.011730	0.025854
E	8	0.023460	0.023460
概念	3	0.008798	0.021097
する	7	0.020528	0.020528
83	7	0.020528	0.020528
広義	2	0.005865	0.017595
茶店	2	0.005865	0.017595
副業	2	0.005865	0.017595
戦略	2	0.005865	0.017595
Far	2	0.005865	0.017595
East	2	0.005865	0.017595
Cafe	2	0.005865	0.017595
AKB	2	0.005865	0.017595
ハロー	2	0.005865	0.017595
自身	3	0.008798	0.016233
ハウス	2	0.005865	0.015829
名前	3	0.008798	0.015644
歌手	2	0.005865	0.014771
アイドル	2	0.005865	0.014771
俳優	2	0.005865	0.014064
当該	2	0.005865	0.014064
元気	2	0.005865	0.014064
文	2	0.005865	0.013496
出る	2	0.005865	0.012927
TV	2	0.005865	0.012587
スペース	2	0.005865	0.012587
48	2	0.005865	0.012587
例	2	0.005865	0.012194
著名	2	0.005865	0.011973
なっ	4	0.011730	0.011730
テレビ	2	0.005865	0.011730
専門	2	0.005865	0.011162
一般	2	0.005865	0.009964
1980	2	0.005865	0.009964
昭和	2	0.005865	0.009396
和製	1	0.002933	0.008799
媒体	1	0.002933	0.008799
似顔絵	1	0.002933	0.008799
喫茶店	1	0.002933	0.008799
上方	1	0.002933	0.008799
助	1	0.002933	0.008799
東山	1	0.002933	0.008799
高台寺	1	0.002933	0.008799
長谷川	1	0.002933	0.008799
一夫	1	0.002933	0.008799
心斎橋筋	1	0.002933	0.008799
フルーツパーラー	1	0.002933	0.008799
色合い	1	0.002933	0.008799
強かっ	1	0.002933	0.008799
多角	1	0.002933	0.008799
タイアップ	1	0.002933	0.008799
メディアミックス	1	0.002933	0.008799
原宿	1	0.002933	0.008799
軒	1	0.002933	0.008799
連ねる	1	0.002933	0.008799
下火	1	0.002933	0.008799
追い込ま	1	0.002933	0.008799
マーケティング	1	0.002933	0.008799
なんばグランド花月	1	0.002933	0.008799
吉本興業	1	0.002933	0.008799
炭火	1	0.002933	0.008799
焼肉	1	0.002933	0.008799
別物	1	0.002933	0.008799
五十音	1	0.002933	0.008799
SHOP	1	0.002933	0.008799
小田	1	0.002933	0.008799
和正	1	0.002933	0.008799
加藤茶	1	0.002933	0.008799
カトチャンショップ	1	0.002933	0.008799
NORI	1	0.002933	0.008799
HOUSE	1	0.002933	0.008799
まさし	1	0.002933	0.008799
マーシーズ	1	0.002933	0.008799
とんねるず	1	0.002933	0.008799
バレンタイン	1	0.002933	0.008799
松田	1	0.002933	0.008799
聖子	1	0.002933	0.008799
フローレス・セイコ	1	0.002933	0.008799
アンテナショップ	1	0.002933	0.008799
商業	1	0.002933	0.008799
さ	3	0.008798	0.008798
ない	2	0.005865	0.008663
母体	1	0.002933	0.007916
端緒	1	0.002933	0.007916
落語	1	0.002933	0.007916
1859	1	0.002933	0.007916
茶屋	1	0.002933	0.007916
蝶	1	0.002933	0.007916
元祖	1	0.002933	0.007916
たけし	1	0.002933	0.007916
邦	1	0.002933	0.007916
やまだ	1	0.002933	0.007916
ブーム	1	0.002933	0.007916
竹下	1	0.002933	0.007916
バブル	1	0.002933	0.007916
ノウハウ	1	0.002933	0.007916
いえ	1	0.002933	0.007916
指し	1	0.002933	0.007916
むら	1	0.002933	0.007916
酒井	1	0.002933	0.007916
法子	1	0.002933	0.007916
田代	1	0.002933	0.007916
ビートたけし	1	0.002933	0.007916
邦子	1	0.002933	0.007916
時代	2	0.005865	0.007631
なり	2	0.005865	0.007631
ロゴ	1	0.002933	0.007387
店	1	0.002933	0.007387
貸し	1	0.002933	0.007387
オフィシャル	1	0.002933	0.007387
1910	1	0.002933	0.007387
桂	1	0.002933	0.007387
境内	1	0.002933	0.007387
天才	1	0.002933	0.007387
主流	1	0.002933	0.007387
いえる	1	0.002933	0.007387
はじまり	1	0.002933	0.007387
セ	1	0.002933	0.007387
シカ	1	0.002933	0.007387
指す	1	0.002933	0.007033
無断	1	0.002933	0.007033
のち	1	0.002933	0.007033
インターネット	1	0.002933	0.007033
使い	1	0.002933	0.006749
積極	1	0.002933	0.006749
ピーク	1	0.002933	0.006749
山田	1	0.002933	0.006749
範囲	1	0.002933	0.006465
ファン	1	0.002933	0.006465
商品	1	0.002933	0.006295
用いる	1	0.002933	0.006295
1930	1	0.002933	0.006295
自体	1	0.002933	0.006295
設け	1	0.002933	0.006098
詳細	1	0.002933	0.005987
写真	1	0.002933	0.005987
名称	1	0.002933	0.005987
期間	1	0.002933	0.005987
プロジェクト	1	0.002933	0.005987
大きい	1	0.002933	0.005866
82	2	0.005865	0.005865
B	2	0.005865	0.005865
7	2	0.005865	0.005865
大阪	1	0.002933	0.005732
いわ	1	0.002933	0.005732
BF	1	0.002933	0.005732
97	1	0.002933	0.005732
大正	1	0.002933	0.005582
京都	1	0.002933	0.005582
規模	1	0.002933	0.005582
英語	1	0.002933	0.005412
用い	1	0.002933	0.005412
初期	1	0.002933	0.005412
番組	1	0.002933	0.005412
目的	1	0.002933	0.005412
1990	1	0.002933	0.005215
部分	1	0.002933	0.005215
AC	1	0.002933	0.004983
88	1	0.002933	0.004983
呼ば	1	0.002933	0.004699
行わ	1	0.002933	0.004699
行う	1	0.002933	0.004699
主	1	0.002933	0.004699
P	1	0.002933	0.004699
F	1	0.002933	0.004332
なる	1	0.002933	0.003816
あり	1	0.002933	0.003816
出典	1	0.002933	0.002933
フリー	1	0.002933	0.002933
百科	1	0.002933	0.002933
事典	1	0.002933	0.002933
ウィキペディア	1	0.002933	0.002933
Wikipedia	1	0.002933	0.002933
ナビゲーション	1	0.002933	0.002933
ある	1	0.002933	0.002933
2	1	0.002933	0.002933
8	1	0.002933	0.002933
1	1	0.002933	0.002933
項目	1	0.002933	0.002933
http	1	0.002933	0.002933
ja	1	0.002933	0.002933
wikipedia	1	0.002933	0.002933
org	1	0.002933	0.002933
wiki	1	0.002933	0.002933
A	1	0.002933	0.002933
カテゴリ	1	0.002933	0.002933
