作品	26	0.038348	0.061436
漫画	18	0.026549	0.058517
ウェア	13	0.019174	0.051750
Ware	9	0.013274	0.039822
The	12	0.017699	0.036799
Novelty	7	0.010324	0.030972
Acme	6	0.008850	0.026550
of	9	0.013274	0.025941
Chris	5	0.007375	0.022125
the	7	0.010324	0.020648
し	13	0.019174	0.019174
コミック	5	0.007375	0.018574
Library	4	0.005900	0.017700
and	5	0.007375	0.015334
New	4	0.005900	0.014859
ラグタイム	3	0.004425	0.013275
Ragtime	3	0.004425	0.013275
American	3	0.004425	0.011943
s	4	0.005900	0.011800
さ	8	0.011799	0.011799
2	8	0.011799	0.011799
3	8	0.011799	0.011799
E	8	0.011799	0.011799
1	7	0.010324	0.010324
2005	4	0.005900	0.010024
日本語	3	0.004425	0.009200
シリーズ	3	0.004425	0.009033
賢い	2	0.002950	0.008850
ジミー	2	0.002950	0.008850
コリガン	2	0.002950	0.008850
Gasoline	2	0.002950	0.008850
Alley	2	0.002950	0.008850
Texan	2	0.002950	0.008850
題し	2	0.002950	0.008850
Timothy	2	0.002950	0.008850
ファンタグラフィックス	2	0.002950	0.008850
Comics	2	0.002950	0.008850
Ephemeralist	2	0.002950	0.008850
ポスター	2	0.002950	0.008850
10051	2	0.002950	0.008850
October	2	0.002950	0.008850
Time	2	0.002950	0.008850
published	2	0.002950	0.008850
A	6	0.008850	0.008850
雑誌	3	0.004425	0.008850
2007	4	0.005900	0.008715
グラフィック	2	0.002950	0.007962
コンピューター	2	0.002950	0.007962
City	2	0.002950	0.007962
Best	2	0.002950	0.007962
Andrew	2	0.002950	0.007962
works	2	0.002950	0.007962
by	2	0.002950	0.007962
スタイル	2	0.002950	0.007430
アーティスト	2	0.002950	0.007430
関わっ	2	0.002950	0.007430
82	5	0.007375	0.007375
en	2	0.002950	0.007074
com	2	0.002950	0.007074
扱っ	2	0.002950	0.006788
アメリカ合衆国	2	0.002950	0.006022
a	2	0.002950	0.006022
子供	2	0.002950	0.005900
経歴	2	0.002950	0.005900
様々	2	0.002950	0.005900
新しい	2	0.002950	0.005900
1967	2	0.002950	0.005765
音楽	2	0.002950	0.005614
初期	2	0.002950	0.005443
大学	2	0.002950	0.005443
2001	2	0.002950	0.004726
フランクリン・クリステンソン・ウェア	1	0.001475	0.004425
Franklin	1	0.001475	0.004425
Christenson	1	0.001475	0.004425
ノベル	1	0.001475	0.004425
Jimmy	1	0.001475	0.004425
Corrigan	1	0.001475	0.004425
Smartest	1	0.001475	0.004425
Kid	1	0.001475	0.004425
Earth	1	0.001475	0.004425
ネブラスカ	1	0.001475	0.004425
オマハ	1	0.001475	0.004425
イリノイ	1	0.001475	0.004425
オーク	1	0.001475	0.004425
ストリップ	1	0.001475	0.004425
クラフト	1	0.001475	0.004425
幾何	1	0.001475	0.004425
紙	1	0.001475	0.004425
筆記具	1	0.001475	0.004425
オールドファッション	1	0.001475	0.004425
道具	1	0.001475	0.004425
もっとも	1	0.001475	0.004425
構図	1	0.001475	0.004425
ウィンザー・マッケイ	1	0.001475	0.004425
Frank	1	0.001475	0.004425
見て取れる	1	0.001475	0.004425
ジョセフ・コーネル	1	0.001475	0.004425
Joseph	1	0.001475	0.004425
Cornell	1	0.001475	0.004425
シンパシー	1	0.001475	0.004425
インスピレーション	1	0.001475	0.004425
ノスタルジー	1	0.001475	0.004425
気品	1	0.001475	0.004425
品々	1	0.001475	0.004425
並べる	1	0.001475	0.004425
オースティン	1	0.001475	0.004425
Floyd	1	0.001475	0.004425
Farland	1	0.001475	0.004425
Citizen	1	0.001475	0.004425
SF	1	0.001475	0.004425
Eclipse	1	0.001475	0.004425
ティモシー・リアリー	1	0.001475	0.004425
Leary	1	0.001475	0.004425
アマチュア	1	0.001475	0.004425
ナイーブ	1	0.001475	0.004425
恥じ	1	0.001475	0.004425
アート・スピーゲルマン	1	0.001475	0.004425
興味	1	0.001475	0.004425
アンソロジー	1	0.001475	0.004425
打ち破る	1	0.001475	0.004425
画期的	1	0.001475	0.004425
Quimby	1	0.001475	0.004425
Mouse	1	0.001475	0.004425
付け加え	1	0.001475	0.004425
Chicago	1	0.001475	0.004425
Reader	1	0.001475	0.004425
保ち	1	0.001475	0.004425
自費	1	0.001475	0.004425
ファンタグラフィック	1	0.001475	0.004425
クレイジー・カット	1	0.001475	0.004425
McSweeney	1	0.001475	0.004425
Quarterly	1	0.001475	0.004425
Concern	1	0.001475	0.004425
National	1	0.001475	0.004425
Cartoonists	1	0.001475	0.004425
コレクター	1	0.001475	0.004425
題する	1	0.001475	0.004425
バンジョー	1	0.001475	0.004425
弾く	1	0.001475	0.004425
趣味	1	0.001475	0.004425
レイアウト	1	0.001475	0.004425
窺う	1	0.001475	0.004425
Et	1	0.001475	0.004425
Cetera	1	0.001475	0.004425
String	1	0.001475	0.004425
Band	1	0.001475	0.004425
Virginia	1	0.001475	0.004425
Tichenor	1	0.001475	0.004425
Reginald	1	0.001475	0.004425
Robinson	1	0.001475	0.004425
Paragon	1	0.001475	0.004425
Orchestra	1	0.001475	0.004425
Guido	1	0.001475	0.004425
Nielsen	1	0.001475	0.004425
Bird	1	0.001475	0.004425
Bowl	1	0.001475	0.004425
ive	1	0.001475	0.004425
Style	1	0.001475	0.004425
アーテイスト	1	0.001475	0.004425
San	1	0.001475	0.004425
Francisco	1	0.001475	0.004425
writing	1	0.001475	0.004425
lab	1	0.001475	0.004425
pirate	1	0.001475	0.004425
store	1	0.001475	0.004425
ファ	1	0.001475	0.004425
サード	1	0.001475	0.004425
カンディード	1	0.001475	0.004425
判	1	0.001475	0.004425
パーソナリティー	1	0.001475	0.004425
Ira	1	0.001475	0.004425
Glass	1	0.001475	0.004425
Buildings	1	0.001475	0.004425
スライド	1	0.001475	0.004425
ショウ	1	0.001475	0.004425
Showtime	1	0.001475	0.004425
This	1	0.001475	0.004425
Savages	1	0.001475	0.004425
JIMMY	1	0.001475	0.004425
CORRIGAN	1	0.001475	0.004425
峯岸	1	0.001475	0.004425
康隆	1	0.001475	0.004425
山下	1	0.001475	0.004425
俊介	1	0.001475	0.004425
伯	1	0.001475	0.004425
井	1	0.001475	0.004425
真紀	1	0.001475	0.004425
PRESSPOP	1	0.001475	0.004425
GALLERY	1	0.001475	0.004425
4903090086	1	0.001475	0.004425
query	1	0.001475	0.004425
nytimes	1	0.001475	0.004425
gst	1	0.001475	0.004425
fullpage	1	0.001475	0.004425
sec	1	0.001475	0.004425
technology	1	0.001475	0.004425
res	1	0.001475	0.004425
7103	1	0.001475	0.004425
932	1	0.001475	0.004425
15752	1	0.001475	0.004425
9679	1	0.001475	0.004425
shop	1	0.001475	0.004425
npr	1	0.001475	0.004425
webapp	1	0.001475	0.004425
wcs	1	0.001475	0.004425
stores	1	0.001475	0.004425
servlet	1	0.001475	0.004425
ProductDisplay	1	0.001475	0.004425
catalogId	1	0.001475	0.004425
storeId	1	0.001475	0.004425
productId	1	0.001475	0.004425
21136	1	0.001475	0.004425
langId	1	0.001475	0.004425
Art	1	0.001475	0.004425
Melancholy	1	0.001475	0.004425
Arnold	1	0.001475	0.004425
Depressing	1	0.001475	0.004425
Joy	1	0.001475	0.004425
November	1	0.001475	0.004425
Wolk	1	0.001475	0.004425
Douglas	1	0.001475	0.004425
inimitable	1	0.001475	0.004425
Salon	1	0.001475	0.004425
September	1	0.001475	0.004425
Wondrich	1	0.001475	0.004425
David	1	0.001475	0.004425
Longer	1	0.001475	0.004425
Sepia	1	0.001475	0.004425
York	1	0.001475	0.004425
Times	1	0.001475	0.004425
January	1	0.001475	0.004425
Schjeldahl	1	0.001475	0.004425
Words	1	0.001475	0.004425
Pictures	1	0.001475	0.004425
Graphic	1	0.001475	0.004425
novels	1	0.001475	0.004425
come	1	0.001475	0.004425
Yorker	1	0.001475	0.004425
Rag	1	0.001475	0.004425
Periodical	1	0.001475	0.004425
written	1	0.001475	0.004425
Archive	1	0.001475	0.004425
Unofficial	1	0.001475	0.004425
database	1	0.001475	0.004425
page	1	0.001475	0.004425
Barclay	1	0.001475	0.004425
Agency	1	0.001475	0.004425
NNDB	1	0.001475	0.004425
Toy	1	0.001475	0.004425
Gallery	1	0.001475	0.004425
Stripped	1	0.001475	0.004425
Books	1	0.001475	0.004425
Panel	1	0.001475	0.004425
comics	1	0.001475	0.004425
form	1	0.001475	0.004425
adaptation	1	0.001475	0.004425
panel	1	0.001475	0.004425
Seth	1	0.001475	0.004425
moderator	1	0.001475	0.004425
Ivan	1	0.001475	0.004425
Brunetti	1	0.001475	0.004425
Interview	1	0.001475	0.004425
evaluation	1	0.001475	0.004425
designer	1	0.001475	0.004425
Chip	1	0.001475	0.004425
Kidd	1	0.001475	0.004425
ある	3	0.004425	0.004425
http	3	0.004425	0.004425
受け	2	0.002950	0.004358
できる	2	0.002950	0.004358
C	2	0.002950	0.004358
クリス	1	0.001475	0.003981
on	1	0.001475	0.003981
愛する	1	0.001475	0.003981
ペーパー	1	0.001475	0.003981
特有	1	0.001475	0.003981
定規	1	0.001475	0.003981
行なう	1	0.001475	0.003981
コマ	1	0.001475	0.003981
キング	1	0.001475	0.003981
King	1	0.001475	0.003981
作者	1	0.001475	0.003981
感じ	1	0.001475	0.003981
美し	1	0.001475	0.003981
箱	1	0.001475	0.003981
テキサス	1	0.001475	0.003981
Daily	1	0.001475	0.003981
Future	1	0.001475	0.003981
週間	1	0.001475	0.003981
Publishing	1	0.001475	0.003981
引き	1	0.001475	0.003981
要素	1	0.001475	0.003981
series	1	0.001475	0.003981
賞	1	0.001475	0.003981
アングレーム	1	0.001475	0.003981
最優秀	1	0.001475	0.003981
楽器	1	0.001475	0.003981
熱心	1	0.001475	0.003981
ピアノ	1	0.001475	0.003981
Fire	1	0.001475	0.003981
ペンギン	1	0.001475	0.003981
ブックス	1	0.001475	0.003981
Lost	1	0.001475	0.003981
イラストレーション	1	0.001475	0.003981
Life	1	0.001475	0.003981
VOL	1	0.001475	0.003981
中沢	1	0.001475	0.003981
html	1	0.001475	0.003981
Guardian	1	0.001475	0.003981
Peter	1	0.001475	0.003981
age	1	0.001475	0.003981
with	1	0.001475	0.003981
profile	1	0.001475	0.003981
featuring	1	0.001475	0.003981
外部	2	0.002950	0.003838
パーク	1	0.001475	0.003715
双方	1	0.001475	0.003715
取る	1	0.001475	0.003715
作家	1	0.001475	0.003715
後期	1	0.001475	0.003715
新聞	1	0.001475	0.003715
マガジン	1	0.001475	0.003715
RAW	1	0.001475	0.003715
シカゴ	1	0.001475	0.003715
週刊	1	0.001475	0.003715
携わっ	1	0.001475	0.003715
Society	1	0.001475	0.003715
ロゴ	1	0.001475	0.003715
ジャケット	1	0.001475	0.003715
組ん	1	0.001475	0.003715
アニメーション	1	0.001475	0.003715
DF	1	0.001475	0.003715
古典	1	0.001475	0.003537
世代	1	0.001475	0.003537
移る	1	0.001475	0.003537
平	1	0.001475	0.003537
63	1	0.001475	0.003537
No	1	0.001475	0.003537
フランク	1	0.001475	0.003394
1988	1	0.001475	0.003394
伝え	1	0.001475	0.003394
伝統	1	0.001475	0.003394
行なっ	1	0.001475	0.003394
書籍	1	0.001475	0.003394
フランス	1	0.001475	0.003394
手がけ	1	0.001475	0.003394
見る	1	0.001475	0.003394
原作	1	0.001475	0.003251
美術	1	0.001475	0.003251
さまざま	1	0.001475	0.003251
有力	1	0.001475	0.003251
ウィキポータル	1	0.001475	0.003166
分野	1	0.001475	0.003166
機会	1	0.001475	0.003166
残っ	1	0.001475	0.003166
ホーム	1	0.001475	0.003166
アルバム	1	0.001475	0.003166
DVD	1	0.001475	0.003166
学生	1	0.001475	0.003067
加え	1	0.001475	0.003067
R	1	0.001475	0.003067
00	1	0.001475	0.003067
in	1	0.001475	0.003067
プロジェクト	1	0.001475	0.003011
タイトル	1	0.001475	0.003011
著名	1	0.001475	0.003011
年	1	0.001475	0.003011
日本	2	0.002950	0.002950
カテゴリ	2	0.002950	0.002950
月	2	0.002950	0.002950
4	2	0.002950	0.002950
5	2	0.002950	0.002950
9	2	0.002950	0.002950
7	2	0.002950	0.002950
B	2	0.002950	0.002950
org	2	0.002950	0.002950
83	2	0.002950	0.002950
世紀	1	0.001475	0.002950
思わ	1	0.001475	0.002950
ラジオ	1	0.001475	0.002950
本	1	0.001475	0.002950
テレビ	1	0.001475	0.002950
得	1	0.001475	0.002883
最初	1	0.001475	0.002807
映画	1	0.001475	0.002807
用い	1	0.001475	0.002722
1999	1	0.001475	0.002722
国際	1	0.001475	0.002722
AF	1	0.001475	0.002722
ISBN	1	0.001475	0.002623
31	1	0.001475	0.002623
27	1	0.001475	0.002623
28	1	0.001475	0.002506
知ら	1	0.001475	0.002506
アメリカ	1	0.001475	0.002506
1980	1	0.001475	0.002506
17	1	0.001475	0.002506
AA	1	0.001475	0.002506
出身	1	0.001475	0.002363
2003	1	0.001475	0.002363
21	1	0.001475	0.002363
見	1	0.001475	0.002179
16	1	0.001475	0.002179
30	1	0.001475	0.002179
2004	1	0.001475	0.002179
F	1	0.001475	0.002179
D	1	0.001475	0.002179
BB	1	0.001475	0.002179
人物	1	0.001475	0.002179
・	1	0.001475	0.001919
歴	1	0.001475	0.001919
12	1	0.001475	0.001919
20	1	0.001475	0.001919
10	1	0.001475	0.001919
0	1	0.001475	0.001919
出典	1	0.001475	0.001475
フリー	1	0.001475	0.001475
百科	1	0.001475	0.001475
事典	1	0.001475	0.001475
ウィキペディア	1	0.001475	0.001475
Wikipedia	1	0.001475	0.001475
ナビゲーション	1	0.001475	0.001475
目次	1	0.001475	0.001475
8	1	0.001475	0.001475
ja	1	0.001475	0.001475
wikipedia	1	0.001475	0.001475
wiki	1	0.001475	0.001475
6	1	0.001475	0.001475
