-	187	0.081982	0.081982
の	113	0.049540	0.049540
所	65	0.028496	0.048414
!	35	0.015344	0.028311
さん	28	0.012275	0.025522
番組	25	0.010960	0.020222
ジョージ	20	0.008768	0.020175
00	20	0.008768	0.018230
は	38	0.016659	0.016659
て	35	0.015344	0.015344
%	35	0.015344	0.015344
た	32	0.014029	0.014029
に	28	0.012275	0.012275
で	28	0.012275	0.012275
〜	17	0.007453	0.011940
!!	11	0.004822	0.010628
、	24	0.010522	0.010522
放送	12	0.005261	0.009707
・	22	0.009645	0.009645
ラジオ	11	0.004822	0.009644
毎週	8	0.003507	0.009465
ブクブクゴシゴシ	7	0.003069	0.009207
:	21	0.009206	0.009206
TBS	9	0.003946	0.009080
。	20	0.008768	0.008768
が	20	0.008768	0.008768
を	18	0.007891	0.007891
と	17	0.007453	0.007453
し	16	0.007014	0.007014
笑っ	6	0.002630	0.006624
3	15	0.006576	0.006576
日曜	5	0.002192	0.006576
テレビ	7	0.003069	0.006138
月曜	5	0.002192	0.005916
!?	5	0.002192	0.005916
「	13	0.005699	0.005699
いい	6	0.002630	0.005644
音	4	0.001754	0.005262
トコロ	4	0.001754	0.005262
（	12	0.005261	0.005261
）	12	0.005261	0.005261
ない	12	0.005261	0.005261
」	12	0.005261	0.005261
E	12	0.005261	0.005261
ネット	5	0.002192	0.005044
&	6	0.002630	0.004853
[	11	0.004822	0.004822
]	11	0.004822	0.004822
さんま	4	0.001754	0.004734
お	6	0.002630	0.004677
22	6	0.002630	0.004468
21	6	0.002630	0.004213
たい	5	0.002192	0.004172
　	7	0.003069	0.003993
年	9	0.003946	0.003946
い	9	0.003946	0.003946
編集	9	0.003946	0.003946
ダメ	3	0.001315	0.003945
おとな	3	0.001315	0.003945
時間割	3	0.001315	0.003945
アシスタント	3	0.001315	0.003945
効	3	0.001315	0.003945
歓声	3	0.001315	0.003945
降板	3	0.001315	0.003945
デオデオ	3	0.001315	0.003945
オールナイト	3	0.001315	0.003945
ニッポン	3	0.001315	0.003945
BANG	3	0.001315	0.003945
PU	3	0.001315	0.003945
Do	3	0.001315	0.003945
?	5	0.002192	0.003898
恋	4	0.001754	0.003866
局	5	0.002192	0.003724
2006	5	0.002192	0.003724
出演	4	0.001754	0.003647
聞い	3	0.001315	0.003549
●	3	0.001315	0.003549
FNS	3	0.001315	0.003549
ビートたけし	3	0.001315	0.003549
月	8	0.003507	0.003507
2	8	0.003507	0.003507
パーソナリティ	3	0.001315	0.003312
名	5	0.002192	0.003238
世界	5	0.002192	0.003238
4	7	0.003069	0.003069
人	7	0.003069	0.003069
82	7	0.003069	0.003069
太田	3	0.001315	0.003026
犬	3	0.001315	0.003026
アナウンサー	3	0.001315	0.002898
夜	3	0.001315	0.002898
う	4	0.001754	0.002810
武	3	0.001315	0.002734
方	3	0.001315	0.002684
駒田	2	0.000877	0.002631
健吾	2	0.000877	0.002631
直己	2	0.000877	0.002631
風呂	2	0.000877	0.002631
怒り	2	0.000877	0.002631
来週	2	0.000877	0.002631
ちゃんと	2	0.000877	0.002631
やり	2	0.000877	0.002631
買っ	2	0.000877	0.002631
萬	2	0.000877	0.002631
遊記	2	0.000877	0.002631
本社	2	0.000877	0.002631
トラベル	2	0.000877	0.002631
劇的	2	0.000877	0.002631
ビフォーアフター	2	0.000877	0.002631
銀行	2	0.000877	0.002631
えらい	2	0.000877	0.002631
天国	2	0.000877	0.002631
かぎっ	2	0.000877	0.002631
パパ	2	0.000877	0.002631
すく	2	0.000877	0.002631
落書	2	0.000877	0.002631
すん	2	0.000877	0.002631
ごい	2	0.000877	0.002631
明石家	2	0.000877	0.002631
僕	2	0.000877	0.002631
ビヤ	2	0.000877	0.002631
LIVE	2	0.000877	0.002631
LIGHT	2	0.000877	0.002631
さ	6	0.002630	0.002630
いる	6	0.002630	0.002630
も	6	0.002630	0.002630
店	3	0.001315	0.002630
ん	3	0.001315	0.002503
回	3	0.001315	0.002426
キー	2	0.000877	0.002367
変遷	2	0.000877	0.002367
冒頭	2	0.000877	0.002367
間違っ	2	0.000877	0.002367
メール	2	0.000877	0.002367
同時	2	0.000877	0.002367
改造	2	0.000877	0.002367
世田谷	2	0.000877	0.002367
徳光	2	0.000877	0.002367
チャンネル	2	0.000877	0.002367
たけし	2	0.000877	0.002367
タウン	2	0.000877	0.002367
ナイト	2	0.000877	0.002367
お笑い	2	0.000877	0.002367
：	4	0.001754	0.002282
ます	4	0.001754	0.002282
です	4	0.001754	0.002282
大	4	0.001754	0.002282
二	4	0.001754	0.002282
東京	3	0.001315	0.002234
吉	2	0.000877	0.002209
天才	2	0.000877	0.002209
印	2	0.000877	0.002209
土曜	2	0.000877	0.002209
超	2	0.000877	0.002209
すぎ	2	0.000877	0.002209
青春	2	0.000877	0.002209
TOKYO	2	0.000877	0.002209
!」	2	0.000877	0.002209
日	5	0.002192	0.002192
から	5	0.002192	0.002192
関連	5	0.002192	0.002192
な	5	0.002192	0.002192
バラエティ	2	0.000877	0.002103
言っ	2	0.000877	0.002103
じゃ	2	0.000877	0.002103
スーパー	2	0.000877	0.002103
ドラマ	2	0.000877	0.002103
OF	2	0.000877	0.002103
スタッフ	2	0.000877	0.002018
前後	2	0.000877	0.002018
入れ	2	0.000877	0.002018
募集	2	0.000877	0.002018
娘	2	0.000877	0.002018
君	2	0.000877	0.002018
てる	2	0.000877	0.002018
ね	2	0.000877	0.002018
なかっ	3	0.001315	0.001942
なく	3	0.001315	0.001942
しまっ	2	0.000877	0.001933
億	2	0.000877	0.001933
×	2	0.000877	0.001933
夢	2	0.000877	0.001933
ー	2	0.000877	0.001933
私	2	0.000877	0.001933
出	2	0.000877	0.001933
企画	2	0.000877	0.001882
最終	2	0.000877	0.001882
様	2	0.000877	0.001882
TV	2	0.000877	0.001882
る	2	0.000877	0.001882
少年	2	0.000877	0.001882
96	2	0.000877	0.001823
タイトル	2	0.000877	0.001790
隊	2	0.000877	0.001790
れ	4	0.001754	0.001754
1	4	0.001754	0.001754
.	4	0.001754	0.001754
項目	4	0.001754	0.001754
この	4	0.001754	0.001754
こと	4	0.001754	0.001754
B	4	0.001754	0.001754
終了	2	0.000877	0.001754
世紀	2	0.000877	0.001754
※	2	0.000877	0.001714
物語	2	0.000877	0.001714
編	3	0.001315	0.001711
まで	3	0.001315	0.001711
前	3	0.001315	0.001711
20	3	0.001315	0.001711
中	3	0.001315	0.001711
23	2	0.000877	0.001669
24	2	0.000877	0.001669
うち	2	0.000877	0.001669
'	2	0.000877	0.001618
AF	2	0.000877	0.001618
内容	2	0.000877	0.001559
ご	2	0.000877	0.001559
子	2	0.000877	0.001559
26	2	0.000877	0.001490
史	2	0.000877	0.001490
だけ	2	0.000877	0.001405
部	2	0.000877	0.001405
だっ	2	0.000877	0.001405
81	2	0.000877	0.001405
者	3	0.001315	0.001315
7	3	0.001315	0.001315
(	3	0.001315	0.001315
ネットワーク	1	0.000438	0.001314
JRN	1	0.000438	0.001314
オフシーズン	1	0.000438	0.001314
毎回	1	0.000438	0.001314
しゃべる	1	0.000438	0.001314
洗う	1	0.000438	0.001314
擬音	1	0.000438	0.001314
欲しい	1	0.000438	0.001314
させよ	1	0.000438	0.001314
ブブブブシシシシ	1	0.000438	0.001314
ブクブクチンチロリン	1	0.000438	0.001314
ひっかけよ	1	0.000438	0.001314
ことごとく	1	0.000438	0.001314
いきなり	1	0.000438	0.001314
正しい	1	0.000438	0.001314
焦ら	1	0.000438	0.001314
リスナー	1	0.000438	0.001314
はがき	1	0.000438	0.001314
告知	1	0.000438	0.001314
それどころか	1	0.000438	0.001314
読も	1	0.000438	0.001314
フィーチャリングソング	1	0.000438	0.001314
(「	1	0.000438	0.001314
海峡	1	0.000438	0.001314
バラード	1	0.000438	0.001314
)。	1	0.000438	0.001314
こぎつけ	1	0.000438	0.001314
締め	1	0.000438	0.001314
締めくくっ	1	0.000438	0.001314
やき	1	0.000438	0.001314
行か	1	0.000438	0.001314
頼ん	1	0.000438	0.001314
ぐいすあんのくるみまんじゅう	1	0.000438	0.001314
白あん	1	0.000438	0.001314
まんじゅう	1	0.000438	0.001314
フェードアウト	1	0.000438	0.001314
広報	1	0.000438	0.001314
クリタヤスシ	1	0.000438	0.001314
北日本放送	1	0.000438	0.001314
北陸放送	1	0.000438	0.001314
エディオングループ	1	0.000438	0.001314
エイデン	1	0.000438	0.001314
山陰放送	1	0.000438	0.001314
山陽放送	1	0.000438	0.001314
西日本放送	1	0.000438	0.001314
同局	1	0.000438	0.001314
裏番組	1	0.000438	0.001314
こちら	1	0.000438	0.001314
デスク	1	0.000438	0.001314
SEASON	1	0.000438	0.001314
特捜	1	0.000438	0.001314
質問	1	0.000438	0.001314
コラ	1	0.000438	0.001314
えて	1	0.000438	0.001314
単発	1	0.000438	0.001314
志村	1	0.000438	0.001314
お正月	1	0.000438	0.001314
つかい	1	0.000438	0.001314
ミステリー	1	0.000438	0.001314
大河	1	0.000438	0.001314
アホ	1	0.000438	0.001314
マジカル	1	0.000438	0.001314
頭脳	1	0.000438	0.001314
バスクリンファミリータイム	1	0.000438	0.001314
MONO	1	0.000438	0.001314
ウォーズ	1	0.000438	0.001314
バイ	1	0.000438	0.001314
ヨロシク	1	0.000438	0.001314
勝っ	1	0.000438	0.001314
っきり	1	0.000438	0.001314
オトナ	1	0.000438	0.001314
ほ	1	0.000438	0.001314
ジオ	1	0.000438	0.001314
直子	1	0.000438	0.001314
ジャンク	1	0.000438	0.001314
放課後	1	0.000438	0.001314
まっか	1	0.000438	0.001314
ココロジー	1	0.000438	0.001314
騒がせ	1	0.000438	0.001314
デス	1	0.000438	0.001314
ジツワ	1	0.000438	0.001314
オシャベリ	1	0.000438	0.001314
ZZZ	1	0.000438	0.001314
蛇足	1	0.000438	0.001314
楽しむ	1	0.000438	0.001314
名作	1	0.000438	0.001314
諦め	1	0.000438	0.001314
レッツ・ラ・ゴー	1	0.000438	0.001314
Daytona	1	0.000438	0.001314
ワーワーブーブー	1	0.000438	0.001314
どころ	1	0.000438	0.001314
ピアス	1	0.000438	0.001314
仰天	1	0.000438	0.001314
くらべる	1	0.000438	0.001314
解体	1	0.000438	0.001314
ドラキュラ	1	0.000438	0.001314
狙っ	1	0.000438	0.001314
迎春	1	0.000438	0.001314
ブッ	1	0.000438	0.001314
ちぎり	1	0.000438	0.001314
オールスター	1	0.000438	0.001314
レース	1	0.000438	0.001314
タマ	1	0.000438	0.001314
夕やけ	1	0.000438	0.001314
ニャンニャン	1	0.000438	0.001314
Music	1	0.000438	0.001314
一義	1	0.000438	0.001314
アワー	1	0.000438	0.001314
特大	1	0.000438	0.001314
まね	1	0.000438	0.001314
魔法	1	0.000438	0.001314
ランプ	1	0.000438	0.001314
スタマイズ	1	0.000438	0.001314
からだ	1	0.000438	0.001314
パオパオチャンネル	1	0.000438	0.001314
けし	1	0.000438	0.001314
万物	1	0.000438	0.001314
創	1	0.000438	0.001314
ミッション	1	0.000438	0.001314
GTR	1	0.000438	0.001314
今週	1	0.000438	0.001314
WA	1	0.000438	0.001314
ボーダーライン	1	0.000438	0.001314
快	1	0.000438	0.001314
シノビーナ	1	0.000438	0.001314
ドバドバ	1	0.000438	0.001314
突撃	1	0.000438	0.001314
偉大	1	0.000438	0.001314
トホホ	1	0.000438	0.001314
茜	1	0.000438	0.001314
群像	1	0.000438	0.001314
捕物	1	0.000438	0.001314
貫	1	0.000438	0.001314
才	1	0.000438	0.001314
降る	1	0.000438	0.001314
同級生	1	0.000438	0.001314
オヨビ	1	0.000438	0.001314
ニュースキャスター	1	0.000438	0.001314
ぷっつん	1	0.000438	0.001314
熱っぽい	1	0.000438	0.001314
追いかけ	1	0.000438	0.001314
年中	1	0.000438	0.001314
苦労	1	0.000438	0.001314
ママハハ・ブギ	1	0.000438	0.001314
ブギ	1	0.000438	0.001314
秘	1	0.000438	0.001314
マネージャー	1	0.000438	0.001314
貝	1	0.000438	0.001314
SP	1	0.000438	0.001314
足かけ	1	0.000438	0.001314
日大	1	0.000438	0.001314
進撃	1	0.000438	0.001314
サタ	1	0.000438	0.001314
白書	1	0.000438	0.001314
ヤング	1	0.000438	0.001314
ホロホロ	1	0.000438	0.001314
バホバホ	1	0.000438	0.001314
泉谷	1	0.000438	0.001314
ギャング	1	0.000438	0.001314
ココロ	1	0.000438	0.001314
ギャンブル	1	0.000438	0.001314
夜曲	1	0.000438	0.001314
夢見る	1	0.000438	0.001314
ジョンジョロリン	1	0.000438	0.001314
加減	1	0.000438	0.001314
デイ	1	0.000438	0.001314
寿司	1	0.000438	0.001314
生鮮	1	0.000438	0.001314
魚介	1	0.000438	0.001314
小片	1	0.000438	0.001314
握飯	1	0.000438	0.001314
量販	1	0.000438	0.001314
ほんとう	1	0.000438	0.001314
正男	1	0.000438	0.001314
やる気	1	0.000438	0.001314
ござい	1	0.000438	0.001314
ネ	1	0.000438	0.001314
got	1	0.000438	0.001314
ROCK	1	0.000438	0.001314
ROLL	1	0.000438	0.001314
正気	1	0.000438	0.001314
沙汰	1	0.000438	0.001314
バックファイヤー	1	0.000438	0.001314
LAST	1	0.000438	0.001314
NUMBER	1	0.000438	0.001314
白い	1	0.000438	0.001314
Tシャツ	1	0.000438	0.001314
ブルーライトチャイナタウン	1	0.000438	0.001314
故郷	1	0.000438	0.001314
春一番	1	0.000438	0.001314
真っ暗	1	0.000438	0.001314
CITY	1	0.000438	0.001314
わかん	1	0.000438	0.001314
ブウェー	1	0.000438	0.001314
トンカチ	1	0.000438	0.001314
唄	1	0.000438	0.001314
歩い	1	0.000438	0.001314
みっ	1	0.000438	0.001314
現金	1	0.000438	0.001314
出せ	1	0.000438	0.001314
セロリ	1	0.000438	0.001314
パセリ	1	0.000438	0.001314
ぐらい	1	0.000438	0.001314
たかっ	1	0.000438	0.001314
REVENGE	1	0.000438	0.001314
HONG	1	0.000438	0.001314
KONG	1	0.000438	0.001314
ホング・コング	1	0.000438	0.001314
逆襲	1	0.000438	0.001314
不良	1	0.000438	0.001314
FUEL	1	0.000438	0.001314
ALBUM	1	0.000438	0.001314
PILE	1	0.000438	0.001314
DRIVER	1	0.000438	0.001314
FROM	1	0.000438	0.001314
TOKOROZAWA	1	0.000438	0.001314
こめ	1	0.000438	0.001314
CHINATOWN	1	0.000438	0.001314
HEAVY	1	0.000438	0.001314
COYOTE	1	0.000438	0.001314
コヨーテ	1	0.000438	0.001314
ホテル	1	0.000438	0.001314
チャイナ	1	0.000438	0.001314
ダイヤモンド	1	0.000438	0.001314
洗濯	1	0.000438	0.001314
脱水	1	0.000438	0.001314
DISH	1	0.000438	0.001314
本物	1	0.000438	0.001314
コケコッコゥ	1	0.000438	0.001314
!!?	1	0.000438	0.001314
声色	1	0.000438	0.001314
ダスキン	1	0.000438	0.001314
ミスター	1	0.000438	0.001314
ドーナツ	1	0.000438	0.001314
タモリ	1	0.000438	0.001314
勤	1	0.000438	0.001314
圭	1	0.000438	0.001314
ティヴィクラブ	1	0.000438	0.001314
FAMOSO	1	0.000438	0.001314
2004	2	0.000877	0.001295
2007	2	0.000877	0.001295
時間	2	0.000877	0.001295
時	2	0.000877	0.001295
せ	2	0.000877	0.001295
き	2	0.000877	0.001295
か	2	0.000877	0.001295
主	2	0.000877	0.001295
号	2	0.000877	0.001295
人物	2	0.000877	0.001295
内包	1	0.000438	0.001182
勝手	1	0.000438	0.001182
石鹸	1	0.000438	0.001182
持ち込ん	1	0.000438	0.001182
エンディング	1	0.000438	0.001182
週	1	0.000438	0.001182
さえ	1	0.000438	0.001182
流さ	1	0.000438	0.001182
捧げる	1	0.000438	0.001182
たま	1	0.000438	0.001182
くり	1	0.000438	0.001182
私物	1	0.000438	0.001182
プレゼント	1	0.000438	0.001182
ディレクター	1	0.000438	0.001182
スギ	1	0.000438	0.001182
中部日本放送	1	0.000438	0.001182
サウンド	1	0.000438	0.001182
mix	1	0.000438	0.001182
山中	1	0.000438	0.001182
Ⅱ	1	0.000438	0.001182
花道	1	0.000438	0.001182
奇跡	1	0.000438	0.001182
アンビリバボー	1	0.000438	0.001182
テン	1	0.000438	0.001182
GOLD	1	0.000438	0.001182
不定期	1	0.000438	0.001182
はじめて	1	0.000438	0.001182
サイエンス	1	0.000438	0.001182
近	1	0.000438	0.001182
相変わらず	1	0.000438	0.001182
クイズ	1	0.000438	0.001182
by	1	0.000438	0.001182
ショー	1	0.000438	0.001182
元祖	1	0.000438	0.001182
カメラ	1	0.000438	0.001182
PM	1	0.000438	0.001182
玉	1	0.000438	0.001182
デジタル	1	0.000438	0.001182
講座	1	0.000438	0.001182
グランプリ	1	0.000438	0.001182
すじ	1	0.000438	0.001182
劇場	1	0.000438	0.001182
遊び	1	0.000438	0.001182
熱心	1	0.000438	0.001182
サンデー	1	0.000438	0.001182
オーディション	1	0.000438	0.001182
爆笑	1	0.000438	0.001182
マ	1	0.000438	0.001182
Museum	1	0.000438	0.001182
森田	1	0.000438	0.001182
王座	1	0.000438	0.001182
邦	1	0.000438	0.001182
やまだ	1	0.000438	0.001182
祭典	1	0.000438	0.001182
スペシャル	1	0.000438	0.001182
列島	1	0.000438	0.001182
そんな	1	0.000438	0.001182
とんでも	1	0.000438	0.001182
ヒストリー	1	0.000438	0.001182
タコ	1	0.000438	0.001182
アリ	1	0.000438	0.001182
合格	1	0.000438	0.001182
盗	1	0.000438	0.001182
もしも	1	0.000438	0.001182
逆転	1	0.000438	0.001182
弁当	1	0.000438	0.001182
峠	1	0.000438	0.001182
帖	1	0.000438	0.001182
明石	1	0.000438	0.001182
予備校	1	0.000438	0.001182
芸能	1	0.000438	0.001182
今夜	1	0.000438	0.001182
デー	1	0.000438	0.001182
おもしろ	1	0.000438	0.001182
しげる	1	0.000438	0.001182
夕方	1	0.000438	0.001182
狂騒	1	0.000438	0.001182
ムーン	1	0.000438	0.001182
セレナーデ	1	0.000438	0.001182
月光	1	0.000438	0.001182
気持ち	1	0.000438	0.001182
心配	1	0.000438	0.001182
まったく	1	0.000438	0.001182
銀座	1	0.000438	0.001182
アン	1	0.000438	0.001182
ノン	1	0.000438	0.001182
ve	1	0.000438	0.001182
ラクダ	1	0.000438	0.001182
BIG	1	0.000438	0.001182
成り	1	0.000438	0.001182
がり	1	0.000438	0.001182
みんな	1	0.000438	0.001182
WITH	1	0.000438	0.001182
BLUE	1	0.000438	0.001182
ブタ	1	0.000438	0.001182
絶滅	1	0.000438	0.001182
危機	1	0.000438	0.001182
放映	1	0.000438	0.001182
関根	1	0.000438	0.001182
フジテレビ	1	0.000438	0.001182
ニッポン放送	1	0.000438	0.001182
日本テレビ	1	0.000438	0.001182
10	2	0.000877	0.001141
表	2	0.000877	0.001141
話	2	0.000877	0.001141
歴	2	0.000877	0.001141
という	2	0.000877	0.001141
られ	2	0.000877	0.001141
県	2	0.000877	0.001141
現在	2	0.000877	0.001141
かけ	2	0.000877	0.001141
第	2	0.000877	0.001141
録音	1	0.000438	0.001103
月曜日	1	0.000438	0.001103
ステーション	1	0.000438	0.001103
コール	1	0.000438	0.001103
あまり	1	0.000438	0.001103
尚	1	0.000438	0.001103
違う	1	0.000438	0.001103
しばらく	1	0.000438	0.001103
スポンサー	1	0.000438	0.001103
愛知	1	0.000438	0.001103
都合	1	0.000438	0.001103
域	1	0.000438	0.001103
レギュラー	1	0.000438	0.001103
テスト	1	0.000438	0.001103
まる	1	0.000438	0.001103
見え	1	0.000438	0.001103
体験	1	0.000438	0.001103
くれ	1	0.000438	0.001103
工場	1	0.000438	0.001103
パワー	1	0.000438	0.001103
モノ	1	0.000438	0.001103
SHOW	1	0.000438	0.001103
許し	1	0.000438	0.001103
どちら	1	0.000438	0.001103
同然	1	0.000438	0.001103
ど	1	0.000438	0.001103
海賊	1	0.000438	0.001103
Jr	1	0.000438	0.001103
かも	1	0.000438	0.001103
しん	1	0.000438	0.001103
殿堂	1	0.000438	0.001103
あら	1	0.000438	0.001103
人類	1	0.000438	0.001103
大賞	1	0.000438	0.001103
不思議	1	0.000438	0.001103
クルーズ	1	0.000438	0.001103
爆弾	1	0.000438	0.001103
無罪	1	0.000438	0.001103
でしょ	1	0.000438	0.001103
奴	1	0.000438	0.001103
俺	1	0.000438	0.001103
強盗	1	0.000438	0.001103
ませ	1	0.000438	0.001103
HEART	1	0.000438	0.001103
アラブ	1	0.000438	0.001103
商人	1	0.000438	0.001103
ファースト	1	0.000438	0.001103
追跡	1	0.000438	0.001103
LOVE	1	0.000438	0.001103
NIGHT	1	0.000438	0.001103
CM	1	0.000438	0.001103
ビッグ	1	0.000438	0.001103
テレビ東京	1	0.000438	0.001103
!（	1	0.000438	0.001050
決まっ	1	0.000438	0.001050
コーナー	1	0.000438	0.001050
大人	1	0.000438	0.001050
失敗	1	0.000438	0.001050
出す	1	0.000438	0.001050
但し	1	0.000438	0.001050
報告	1	0.000438	0.001050
しまい	1	0.000438	0.001050
移籍	1	0.000438	0.001050
一時期	1	0.000438	0.001050
ベース	1	0.000438	0.001050
戦う	1	0.000438	0.001050
いけ	1	0.000438	0.001050
新書	1	0.000438	0.001050
スター	1	0.000438	0.001050
ただ	1	0.000438	0.001050
増刊	1	0.000438	0.001050
画	1	0.000438	0.001050
界	1	0.000438	0.001050
しろ	1	0.000438	0.001050
付	1	0.000438	0.001050
小学生	1	0.000438	0.001050
N	1	0.000438	0.001050
旅	1	0.000438	0.001050
沢	1	0.000438	0.001050
清水	1	0.000438	0.001050
世代	1	0.000438	0.001050
テレビ朝日	1	0.000438	0.001050
NHK	1	0.000438	0.001050
！	1	0.000438	0.001008
-）	1	0.000438	0.001008
好き	1	0.000438	0.001008
現れ	1	0.000438	0.001008
効果	1	0.000438	0.001008
成功	1	0.000438	0.001008
入る	1	0.000438	0.001008
ページ	1	0.000438	0.001008
記載	1	0.000438	0.001008
改名	1	0.000438	0.001008
秋	1	0.000438	0.001008
模様	1	0.000438	0.001008
本名	1	0.000438	0.001008
不明	1	0.000438	0.001008
教え	1	0.000438	0.001008
仕事	1	0.000438	0.001008
冒険	1	0.000438	0.001008
伝	1	0.000438	0.001008
家族	1	0.000438	0.001008
屋	1	0.000438	0.001008
農家	1	0.000438	0.001008
ジャンル	1	0.000438	0.000965
統計	1	0.000438	0.000965
帯	1	0.000438	0.000965
言葉	1	0.000438	0.000965
途中	1	0.000438	0.000965
使い	1	0.000438	0.000965
編成	1	0.000438	0.000965
そこ	1	0.000438	0.000965
スポーツ	1	0.000438	0.000965
ちゃん	1	0.000438	0.000965
特別	1	0.000438	0.000965
門	1	0.000438	0.000965
平	1	0.000438	0.000965
雨	1	0.000438	0.000965
進め	1	0.000438	0.000965
I	1	0.000438	0.000965
愛	1	0.000438	0.000965
安全	1	0.000438	0.000965
方式	1	0.000438	0.000940
言う	1	0.000438	0.000940
機会	1	0.000438	0.000940
広島	1	0.000438	0.000940
右	1	0.000438	0.000940
丸	1	0.000438	0.000940
え	1	0.000438	0.000940
シングル	1	0.000438	0.000940
アルバム	1	0.000438	0.000940
七	1	0.000438	0.000940
プロ	1	0.000438	0.000911
野球	1	0.000438	0.000911
紹介	1	0.000438	0.000911
テーマ	1	0.000438	0.000911
販売	1	0.000438	0.000911
中国	1	0.000438	0.000911
人間	1	0.000438	0.000911
車	1	0.000438	0.000911
決定	1	0.000438	0.000911
日本語	1	0.000438	0.000911
よ	1	0.000438	0.000911
み	1	0.000438	0.000911
期間	1	0.000438	0.000894
体	1	0.000438	0.000894
つけ	1	0.000438	0.000894
最後	1	0.000438	0.000894
シリーズ	1	0.000438	0.000894
a	1	0.000438	0.000894
色	1	0.000438	0.000894
AE	1	0.000438	0.000894
表示	2	0.000877	0.000877
6	2	0.000877	0.000877
ため	2	0.000877	0.000877
など	2	0.000877	0.000877
れる	2	0.000877	0.000877
する	2	0.000877	0.000877
あっ	2	0.000877	0.000877
8	2	0.000877	0.000877
ある	2	0.000877	0.000877
日本	2	0.000877	0.000877
)	2	0.000877	0.000877
より	2	0.000877	0.000877
/	2	0.000877	0.000877
83	2	0.000877	0.000877
調査	1	0.000438	0.000876
現代	1	0.000438	0.000876
自動車	1	0.000438	0.000876
風	1	0.000438	0.000876
子供	1	0.000438	0.000876
類	1	0.000438	0.000876
ところ	1	0.000438	0.000856
男	1	0.000438	0.000856
35	1	0.000438	0.000856
手	1	0.000438	0.000856
ポータル	1	0.000438	0.000856
93	1	0.000438	0.000856
ものの	1	0.000438	0.000834
為	1	0.000438	0.000834
目	1	0.000438	0.000834
記録	1	0.000438	0.000834
営業	1	0.000438	0.000834
曲	1	0.000438	0.000834
構成	1	0.000438	0.000808
同じ	1	0.000438	0.000808
台	1	0.000438	0.000808
戦	1	0.000438	0.000808
かつて	1	0.000438	0.000808
たち	1	0.000438	0.000808
大学	1	0.000438	0.000808
ウィキプロジェクト	1	0.000438	0.000808
特に	1	0.000438	0.000779
結果	1	0.000438	0.000779
とき	1	0.000438	0.000779
所在地	1	0.000438	0.000779
歳	1	0.000438	0.000779
名前	1	0.000438	0.000779
長	1	0.000438	0.000744
公式	1	0.000438	0.000744
25	1	0.000438	0.000744
学校	1	0.000438	0.000744
駅	1	0.000438	0.000744
95	1	0.000438	0.000744
内	1	0.000438	0.000702
際	1	0.000438	0.000702
一覧	1	0.000438	0.000702
次	1	0.000438	0.000702
作品	1	0.000438	0.000702
89	1	0.000438	0.000702
80	1	0.000438	0.000702
等	1	0.000438	0.000647
元	1	0.000438	0.000647
15	1	0.000438	0.000647
16	1	0.000438	0.000647
なお	1	0.000438	0.000647
上	1	0.000438	0.000647
それ	1	0.000438	0.000647
見	1	0.000438	0.000647
13	1	0.000438	0.000647
書き	1	0.000438	0.000647
加筆	1	0.000438	0.000647
訂正	1	0.000438	0.000647
下さる	1	0.000438	0.000647
一	1	0.000438	0.000570
による	1	0.000438	0.000570
だ	1	0.000438	0.000570
11	1	0.000438	0.000570
もの	1	0.000438	0.000570
これ	1	0.000438	0.000570
なる	1	0.000438	0.000570
なり	1	0.000438	0.000570
記事	1	0.000438	0.000570
協力	1	0.000438	0.000570
求め	1	0.000438	0.000570
出典	1	0.000438	0.000438
フリー	1	0.000438	0.000438
百科	1	0.000438	0.000438
事典	1	0.000438	0.000438
『	1	0.000438	0.000438
ウィキペディア	1	0.000438	0.000438
Wikipedia	1	0.000438	0.000438
』	1	0.000438	0.000438
移動	1	0.000438	0.000438
ナビゲーション	1	0.000438	0.000438
,	1	0.000438	0.000438
検索	1	0.000438	0.000438
目次	1	0.000438	0.000438
非	1	0.000438	0.000438
5	1	0.000438	0.000438
後	1	0.000438	0.000438
として	1	0.000438	0.000438
あり	1	0.000438	0.000438
や	1	0.000438	0.000438
へ	1	0.000438	0.000438
的	1	0.000438	0.000438
http	1	0.000438	0.000438
://	1	0.000438	0.000438
ja	1	0.000438	0.000438
wikipedia	1	0.000438	0.000438
org	1	0.000438	0.000438
wiki	1	0.000438	0.000438
/%	1	0.000438	0.000438
作成	1	0.000438	0.000438
カテゴリ	1	0.000438	0.000438
|	1	0.000438	0.000438
