の	56	0.044728	0.044728
プフェファー	17	0.013578	0.040734
。	42	0.033546	0.033546
に	39	0.031150	0.031150
アンネ	13	0.010383	0.031149
た	38	0.030351	0.030351
、	33	0.026358	0.026358
ユダヤ	12	0.009585	0.025870
は	32	0.025559	0.025559
%	32	0.025559	0.025559
を	30	0.023962	0.023962
隠れ家	10	0.007987	0.023961
ドイツ	13	0.010383	0.021588
て	27	0.021565	0.021565
と	26	0.020767	0.020767
Pfeffer	8	0.006390	0.019170
し	24	0.019169	0.019169
で	19	0.015176	0.015176
（	18	0.014377	0.014377
）	18	0.014377	0.014377
年	17	0.013578	0.013578
収容	7	0.005591	0.013407
日記	6	0.004792	0.012069
が	15	0.011981	0.011981
フランク	6	0.004792	0.011027
強制	6	0.004792	0.011027
所	8	0.006390	0.010856
ヴェルナー	4	0.003195	0.009585
オランダ	4	0.003195	0.009585
オットー・フランク	4	0.003195	0.009585
系	7	0.005591	0.009499
死亡	5	0.003994	0.009190
移住	5	0.003994	0.008803
人	11	0.008786	0.008786
E	11	0.008786	0.008786
3	11	0.008786	0.008786
写真	5	0.003994	0.008153
・	10	0.007987	0.007987
83	10	0.007987	0.007987
一家	4	0.003195	0.007661
生活	5	0.003994	0.007369
1944	4	0.003195	0.007352
一	7	0.005591	0.007274
フリッツ・プフェファー	3	0.002396	0.007188
シャーロッタ	3	0.002396	0.007188
いる	9	0.007188	0.007188
息子	4	0.003195	0.007042
歯科	3	0.002396	0.006467
こと	8	0.006390	0.006390
彼	4	0.003195	0.006080
帝国	3	0.002396	0.006034
反	3	0.002396	0.006034
上	5	0.003994	0.005900
医師	3	0.002396	0.005745
兄弟	3	0.002396	0.005745
月	7	0.005591	0.005591
結婚	3	0.002396	0.005281
開業	3	0.002396	0.004891
主義	3	0.002396	0.004891
い	6	0.004792	0.004792
「	6	0.004792	0.004792
」	6	0.004792	0.004792
れ	6	0.004792	0.004792
|	6	0.004792	0.004792
ニュルンベルク	2	0.001597	0.004791
エルンスト	2	0.001597	0.004791
アウシュヴィッツ	2	0.001597	0.004791
ミープ・ヒース	2	0.001597	0.004791
親衛隊	2	0.001597	0.004791
同室	2	0.001597	0.004791
写る	2	0.001597	0.004791
しかし	4	0.003195	0.004719
なかっ	4	0.003195	0.004719
英語	3	0.002396	0.004421
同居	2	0.001597	0.004310
Peter	2	0.001597	0.004310
アムステルダム	2	0.001597	0.004310
医	2	0.001597	0.004310
説教	2	0.001597	0.004310
軍	3	0.002396	0.004071
95	3	0.002396	0.004071
1889	2	0.001597	0.004022
離婚	2	0.001597	0.004022
党	2	0.001597	0.004022
危険	2	0.001597	0.004022
置か	2	0.001597	0.004022
相談	2	0.001597	0.004022
日	5	0.003994	0.003994
な	5	0.003994	0.003994
へ	5	0.003994	0.003994
彼女	2	0.001597	0.003830
態度	2	0.001597	0.003830
き	3	0.002396	0.003539
同じく	2	0.001597	0.003520
1938	2	0.001597	0.003427
逮捕	2	0.001597	0.003427
大戦	2	0.001597	0.003320
＝	2	0.001597	0.003260
イギリス	2	0.001597	0.003260
:	4	0.003195	0.003195
『	4	0.003195	0.003195
』	4	0.003195	0.003195
さ	4	0.003195	0.003195
なっ	4	0.003195	0.003195
ため	4	0.003195	0.003195
後	4	0.003195	0.003195
も	4	0.003195	0.003195
12	3	0.002396	0.003117
法	2	0.001597	0.002840
ここ	2	0.001597	0.002840
ISBN	2	0.001597	0.002840
アメリカ	2	0.001597	0.002713
でき	2	0.001597	0.002713
次	2	0.001597	0.002558
だっ	2	0.001597	0.002558
Fritz	1	0.000799	0.002397
デュッセル	1	0.000799	0.002397
偽名	1	0.000799	0.002397
衣服	1	0.000799	0.002397
織物	1	0.000799	0.002397
イグナツ・プフェファー	1	0.000799	0.002397
Ignatz	1	0.000799	0.002397
ジャネット・ヒルシュ	1	0.000799	0.002397
Jeannette	1	0.000799	0.002397
Hirsch	1	0.000799	0.002397
ギーセン	1	0.000799	0.002397
あご	1	0.000799	0.002397
ベルリン	1	0.000799	0.002397
ヴェラ・バイシンナー	1	0.000799	0.002397
Vera	1	0.000799	0.002397
Bythiner	1	0.000799	0.002397
ヴェルナー・ペーター・プフェファー	1	0.000799	0.002397
Werner	1	0.000799	0.002397
儲け	1	0.000799	0.002397
引き取る	1	0.000799	0.002397
狂信	1	0.000799	0.002397
掲げる	1	0.000799	0.002397
迫害	1	0.000799	0.002397
カルフォルニア	1	0.000799	0.002397
ピーター	1	0.000799	0.002397
Pepper	1	0.000799	0.002397
イグナツ	1	0.000799	0.002397
テレージエンシュタット	1	0.000799	0.002397
ジャネット	1	0.000799	0.002397
ユリウス・プフェファー	1	0.000799	0.002397
Julius	1	0.000799	0.002397
エミール・プフェファー	1	0.000799	0.002397
Emil	1	0.000799	0.002397
南アフリカ	1	0.000799	0.002397
エルンスト・プフェファー	1	0.000799	0.002397
Ernst	1	0.000799	0.002397
ハンス	1	0.000799	0.002397
Hans	1	0.000799	0.002397
ヴィラ	1	0.000799	0.002397
シャーロッタ・カレータ	1	0.000799	0.002397
Charlotta	1	0.000799	0.002397
Kaletta	1	0.000799	0.002397
恋人	1	0.000799	0.002397
禁じ	1	0.000799	0.002397
おこっ	1	0.000799	0.002397
迫っ	1	0.000799	0.002397
悟り	1	0.000799	0.002397
故国	1	0.000799	0.002397
ヘルマン・ファン・ペルス	1	0.000799	0.002397
親しく	1	0.000799	0.002397
Miep	1	0.000799	0.002397
Gies	1	0.000799	0.002397
続か	1	0.000799	0.002397
アルトゥール・ザイス	1	0.000799	0.002397
インクヴァルト	1	0.000799	0.002397
立法	1	0.000799	0.002397
隠れ	1	0.000799	0.002397
ミープ	1	0.000799	0.002397
アムステルダム・プリンセンフラハト	1	0.000799	0.002397
263	1	0.000799	0.002397
ファン・ペルス	1	0.000799	0.002397
延期	1	0.000799	0.002397
了解	1	0.000799	0.002397
入ら	1	0.000799	0.002397
アレルギー	1	0.000799	0.002397
ペーター・ファン・ペルス	1	0.000799	0.002397
をめぐって	1	0.000799	0.002397
折り合い	1	0.000799	0.002397
悪役	1	0.000799	0.002397
尊大	1	0.000799	0.002397
閣下	1	0.000799	0.002397
通報	1	0.000799	0.002397
ヨーゼフ・ジルバーバウアー	1	0.000799	0.002397
曹長	1	0.000799	0.002397
踏み込ん	1	0.000799	0.002397
住人	1	0.000799	0.002397
ベステルボルク	1	0.000799	0.002397
ブーヘンヴァルト	1	0.000799	0.002397
ザクセンハウゼン	1	0.000799	0.002397
ノイエンガンメ	1	0.000799	0.002397
同地	1	0.000799	0.002397
深町	1	0.000799	0.002397
眞理子	1	0.000799	0.002397
4167114038	1	0.000799	0.002397
4167114039	1	0.000799	0.002397
ホロコースト	1	0.000799	0.002397
[	3	0.002396	0.002396
編集	3	0.002396	0.002396
]	3	0.002396	0.002396
や	3	0.002396	0.002396
的	3	0.002396	0.002396
する	3	0.002396	0.002396
世界	2	0.001597	0.002359
家	2	0.001597	0.002359
見	2	0.001597	0.002359
アルベルト	1	0.000799	0.002156
夫妻	1	0.000799	0.002156
外科	1	0.000799	0.002156
資格	1	0.000799	0.002156
ナチス	1	0.000799	0.002156
掌握	1	0.000799	0.002156
ペーパー	1	0.000799	0.002156
ニュージャージー	1	0.000799	0.002156
暴動	1	0.000799	0.002156
水晶	1	0.000799	0.002156
固め	1	0.000799	0.002156
逃れ	1	0.000799	0.002156
を通じて	1	0.000799	0.002156
知り合い	1	0.000799	0.002156
侵略	1	0.000799	0.002156
占領	1	0.000799	0.002156
中将	1	0.000799	0.002156
立場	1	0.000799	0.002156
診療	1	0.000799	0.002156
机	1	0.000799	0.002156
マナー	1	0.000799	0.002156
送ら	1	0.000799	0.002156
愛人	1	0.000799	0.002156
有り	1	0.000799	0.002156
20	2	0.001597	0.002078
第	2	0.001597	0.002078
おり	2	0.001597	0.002078
使用	2	0.001597	0.002078
　	2	0.001597	0.002078
時代	2	0.001597	0.002078
暮らし	1	0.000799	0.002012
略歴	1	0.000799	0.002012
1911	1	0.000799	0.002012
政党	1	0.000799	0.002012
送っ	1	0.000799	0.002012
実業	1	0.000799	0.002012
本格	1	0.000799	0.002012
離れる	1	0.000799	0.002012
決意	1	0.000799	0.002012
患者	1	0.000799	0.002012
全土	1	0.000799	0.002012
加える	1	0.000799	0.002012
賛成	1	0.000799	0.002012
職業	1	0.000799	0.002012
都合	1	0.000799	0.002012
予定	1	0.000799	0.002012
悪く	1	0.000799	0.002012
しかも	1	0.000799	0.002012
皮肉っ	1	0.000799	0.002012
出動	1	0.000799	0.002012
カール	1	0.000799	0.002012
率いる	1	0.000799	0.002012
著者	1	0.000799	0.001916
表記	1	0.000799	0.001916
学び	1	0.000799	0.001916
勤務	1	0.000799	0.001916
労働	1	0.000799	0.001916
殺害	1	0.000799	0.001916
en	1	0.000799	0.001916
総督	1	0.000799	0.001916
次々	1	0.000799	0.001916
番地	1	0.000799	0.001916
すでに	1	0.000799	0.001916
保安	1	0.000799	0.001916
一緒	1	0.000799	0.001916
軍人	1	0.000799	0.001916
犠牲	1	0.000799	0.001916
国家	1	0.000799	0.001839
改名	1	0.000799	0.001839
成功	1	0.000799	0.001839
1925	1	0.000799	0.001839
平和	1	0.000799	0.001839
長く	1	0.000799	0.001839
入っ	1	0.000799	0.001839
入る	1	0.000799	0.001839
入り	1	0.000799	0.001839
猫	1	0.000799	0.001839
部隊	1	0.000799	0.001839
978	1	0.000799	0.001839
北部	1	0.000799	0.001761
生まれる	1	0.000799	0.001761
得る	1	0.000799	0.001761
戦後	1	0.000799	0.001761
1933	1	0.000799	0.001761
母	1	0.000799	0.001761
夜	1	0.000799	0.001761
しまっ	1	0.000799	0.001761
再び	1	0.000799	0.001761
よる	1	0.000799	0.001761
メンバー	1	0.000799	0.001761
警察	1	0.000799	0.001761
通過	1	0.000799	0.001761
訳	1	0.000799	0.001761
1920	1	0.000799	0.001715
1927	1	0.000799	0.001715
1932	1	0.000799	0.001715
政権	1	0.000799	0.001715
政策	1	0.000799	0.001715
始まっ	1	0.000799	0.001715
1942	1	0.000799	0.001715
1928	1	0.000799	0.001715
支援	1	0.000799	0.001715
含め	1	0.000799	0.001715
少年	1	0.000799	0.001715
販売	1	0.000799	0.001661
経営	1	0.000799	0.001661
妻	1	0.000799	0.001661
会社	1	0.000799	0.001661
批判	1	0.000799	0.001661
すべて	1	0.000799	0.001661
著	1	0.000799	0.001661
病院	1	0.000799	0.001631
父	1	0.000799	0.001631
場所	1	0.000799	0.001631
通り	1	0.000799	0.001631
完全	1	0.000799	0.001631
期	1	0.000799	0.001631
店	1	0.000799	0.001598
子供	1	0.000799	0.001598
呼ぶ	1	0.000799	0.001598
経	1	0.000799	0.001598
経歴	1	0.000799	0.001598
84	1	0.000799	0.001598
4	2	0.001597	0.001597
-	2	0.001597	0.001597
として	2	0.001597	0.001597
あっ	2	0.001597	0.001597
者	2	0.001597	0.001597
また	2	0.001597	0.001597
非	2	0.001597	0.001597
から	2	0.001597	0.001597
など	2	0.001597	0.001597
.	2	0.001597	0.001597
82	2	0.001597	0.001597
A	2	0.001597	0.001597
はじめ	1	0.000799	0.001561
1936	1	0.000799	0.001561
97	1	0.000799	0.001561
没	1	0.000799	0.001561
事件	1	0.000799	0.001521
とともに	1	0.000799	0.001521
五	1	0.000799	0.001474
州	1	0.000799	0.001474
女性	1	0.000799	0.001474
いう	1	0.000799	0.001474
自身	1	0.000799	0.001474
?	1	0.000799	0.001421
社会	1	0.000799	0.001357
下	1	0.000799	0.001357
でも	1	0.000799	0.001357
行っ	1	0.000799	0.001357
文献	1	0.000799	0.001357
版	1	0.000799	0.001357
AA	1	0.000799	0.001357
年生	1	0.000799	0.001357
行う	1	0.000799	0.001280
際	1	0.000799	0.001280
他	1	0.000799	0.001280
多い	1	0.000799	0.001280
参考	1	0.000799	0.001280
BC	1	0.000799	0.001280
30	1	0.000799	0.001180
間	1	0.000799	0.001180
なお	1	0.000799	0.001180
その後	1	0.000799	0.001180
数	1	0.000799	0.001180
それ	1	0.000799	0.001180
受け	1	0.000799	0.001180
せ	1	0.000799	0.001180
関係	1	0.000799	0.001180
について	1	0.000799	0.001180
BB	1	0.000799	0.001180
という	1	0.000799	0.001040
10	1	0.000799	0.001040
なる	1	0.000799	0.001040
11	1	0.000799	0.001040
二	1	0.000799	0.001040
られる	1	0.000799	0.001040
だ	1	0.000799	0.001040
中	1	0.000799	0.001040
られ	1	0.000799	0.001040
外部	1	0.000799	0.001040
記事	1	0.000799	0.001040
出典	1	0.000799	0.000799
フリー	1	0.000799	0.000799
百科	1	0.000799	0.000799
事典	1	0.000799	0.000799
ウィキペディア	1	0.000799	0.000799
Wikipedia	1	0.000799	0.000799
移動	1	0.000799	0.000799
ナビゲーション	1	0.000799	0.000799
,	1	0.000799	0.000799
検索	1	0.000799	0.000799
ある	1	0.000799	0.000799
この	1	0.000799	0.000799
ない	1	0.000799	0.000799
あり	1	0.000799	0.000799
8	1	0.000799	0.000799
リンク	1	0.000799	0.000799
http	1	0.000799	0.000799
://	1	0.000799	0.000799
ja	1	0.000799	0.000799
wikipedia	1	0.000799	0.000799
org	1	0.000799	0.000799
/	1	0.000799	0.000799
wiki	1	0.000799	0.000799
/%	1	0.000799	0.000799
7	1	0.000799	0.000799
1	1	0.000799	0.000799
より	1	0.000799	0.000799
作成	1	0.000799	0.000799
カテゴリ	1	0.000799	0.000799
