漫画	19	0.024804	0.054671
：	29	0.037859	0.049256
/	25	0.032637	0.032637
−	12	0.015666	0.031980
（	20	0.026110	0.026110
）	20	0.026110	0.026110
.	20	0.026110	0.026110
巻	8	0.010444	0.022414
、	17	0.022193	0.022193
文書	6	0.007833	0.021141
獣	6	0.007833	0.018783
ISBN	8	0.010444	0.018571
原	6	0.007833	0.015990
月	12	0.015666	0.015666
まき	4	0.005222	0.015666
ドラマ	5	0.006527	0.015651
年	11	0.014360	0.014360
%	11	0.014360	0.014360
第	8	0.010444	0.013588
日	10	0.013055	0.013055
CD	5	0.006527	0.013054
作品	6	0.007833	0.012549
ゼーン	3	0.003916	0.011748
健一	3	0.003916	0.011748
。	8	0.010444	0.010444
を	8	0.010444	0.010444
1	8	0.010444	0.010444
新書	3	0.003916	0.009390
・	7	0.009138	0.009138
原作	3	0.003916	0.008631
『	6	0.007833	0.007833
』	6	0.007833	0.007833
[	6	0.007833	0.007833
]	6	0.007833	0.007833
の	6	0.007833	0.007833
5	6	0.007833	0.007833
3	6	0.007833	0.007833
6	6	0.007833	0.007833
8	6	0.007833	0.007833
サウス	2	0.002611	0.007833
ウィングス	2	0.002611	0.007833
レイ・ジーンセイバーヘーゲン	2	0.002611	0.007833
静馬	2	0.002611	0.007833
アルビレオ	2	0.002611	0.007833
チェリー	2	0.002611	0.007833
WIN	2	0.002611	0.007833
アニメイトフィルム	2	0.002611	0.007833
Vo	2	0.002611	0.007833
山寺	2	0.002611	0.007833
宏一	2	0.002611	0.007833
プロローグ	2	0.002611	0.007833
エピローグ	2	0.002611	0.007833
夏未	2	0.002611	0.007833
南央	2	0.002611	0.007833
ヴァージニア	2	0.002611	0.007833
春生	2	0.002611	0.007833
透	2	0.002611	0.007833
杉田	2	0.002611	0.007833
智和	2	0.002611	0.007833
雑誌	3	0.003916	0.007832
家	4	0.005222	0.007714
能	2	0.002611	0.007047
チェック	2	0.002611	0.007047
浅丘	2	0.002611	0.007047
張	2	0.002611	0.007047
大川	2	0.002611	0.007047
部下	2	0.002611	0.007047
望月	2	0.002611	0.007047
館	3	0.003916	0.006963
登場	3	0.003916	0.006963
友	2	0.002611	0.006576
中原	2	0.002611	0.006576
は	5	0.006527	0.006527
2	5	0.006527	0.006527
4	5	0.006527	0.006527
7	5	0.006527	0.006527
E	5	0.006527	0.006527
月刊	2	0.002611	0.006261
キャスト	2	0.002611	0.006261
茂	2	0.002611	0.006261
美	2	0.002611	0.006261
医師	2	0.002611	0.006261
書籍	2	0.002611	0.006008
村上	2	0.002611	0.006008
30	3	0.003916	0.005784
連載	2	0.002611	0.005755
テーマ	2	0.002611	0.005429
:	4	0.005222	0.005222
て	4	0.005222	0.005222
編集	4	0.005222	0.005222
9	4	0.005222	0.005222
-	4	0.005222	0.005222
1997	2	0.002611	0.005222
にて	2	0.002611	0.004818
!	2	0.002611	0.004818
PJ	2	0.002611	0.004436
2001	2	0.002611	0.004183
日本	3	0.003916	0.003916
者	3	0.003916	0.003916
た	3	0.003916	0.003916
」	3	0.003916	0.003916
B	3	0.003916	0.003916
項目	3	0.003916	0.003916
|	3	0.003916	0.003916
ゲンジユウブンシヨ	1	0.001305	0.003915
ゆり	1	0.001305	0.003915
休刊	1	0.001305	0.003915
ハックルベリー	1	0.001305	0.003915
のう	1	0.001305	0.003915
4403614361	1	0.001305	0.003915
4403614639	1	0.001305	0.003915
4403615082	1	0.001305	0.003915
4403615376	1	0.001305	0.003915
4403615961	1	0.001305	0.003915
4403616585	1	0.001305	0.003915
4403617301	1	0.001305	0.003915
4403618006	1	0.001305	0.003915
0001	1	0.001305	0.003915
告白	1	0.001305	0.003915
魔神	1	0.001305	0.003915
ゆれる	1	0.001305	0.003915
婚	1	0.001305	0.003915
0010	1	0.001305	0.003915
話そ	1	0.001305	0.003915
.「	1	0.001305	0.003915
巫	1	0.001305	0.003915
サバイバル	1	0.001305	0.003915
ジーン	1	0.001305	0.003915
眞一郎	1	0.001305	0.003915
森川	1	0.001305	0.003915
智之	1	0.001305	0.003915
浅川	1	0.001305	0.003915
由香	1	0.001305	0.003915
魔	1	0.001305	0.003915
緑川	1	0.001305	0.003915
森久保	1	0.001305	0.003915
祥	1	0.001305	0.003915
折笠	1	0.001305	0.003915
康嗣	1	0.001305	0.003915
イワン	1	0.001305	0.003915
ロストフ	1	0.001305	0.003915
室園	1	0.001305	0.003915
丈	1	0.001305	0.003915
カレッセオ	1	0.001305	0.003915
津野田	1	0.001305	0.003915
なるみ	1	0.001305	0.003915
ティトオ	1	0.001305	0.003915
美智子	1	0.001305	0.003915
園部	1	0.001305	0.003915
啓一	1	0.001305	0.003915
飛田	1	0.001305	0.003915
ジョーンズ	1	0.001305	0.003915
隊長	1	0.001305	0.003915
うすい	1	0.001305	0.003915
ハインツ	1	0.001305	0.003915
細井	1	0.001305	0.003915
正道	1	0.001305	0.003915
由美子	1	0.001305	0.003915
カナーン	1	0.001305	0.003915
光央	1	0.001305	0.003915
ディーツ	1	0.001305	0.003915
鈴村	1	0.001305	0.003915
ガレス	1	0.001305	0.003915
嶝高	1	0.001305	0.003915
トス	1	0.001305	0.003915
飯田	1	0.001305	0.003915
利信	1	0.001305	0.003915
サヴァルク	1	0.001305	0.003915
真一	1	0.001305	0.003915
人物	2	0.002611	0.003857
むら	1	0.001305	0.003522
かみ	1	0.001305	0.003522
OP	1	0.001305	0.003522
想い	1	0.001305	0.003522
ED	1	0.001305	0.003522
レイ	1	0.001305	0.003522
基地	1	0.001305	0.003522
緒方	1	0.001305	0.003522
恵美	1	0.001305	0.003522
悠	1	0.001305	0.003522
今井	1	0.001305	0.003522
根	1	0.001305	0.003522
レス	1	0.001305	0.003522
たか	1	0.001305	0.003522
やす	1	0.001305	0.003522
治	1	0.001305	0.003522
大陸	1	0.001305	0.003522
岩田	1	0.001305	0.003522
クリストファー	1	0.001305	0.003522
キュー	1	0.001305	0.003522
ケイ	1	0.001305	0.003522
{{	1	0.001305	0.003522
Manga	1	0.001305	0.003522
artist	1	0.001305	0.003522
stub	1	0.001305	0.003522
}}	1	0.001305	0.003522
け	1	0.001305	0.003522
ファンタジー	1	0.001305	0.003522
11	2	0.002611	0.003397
10	2	0.002611	0.003397
遭遇	1	0.001305	0.003287
破壊	1	0.001305	0.003287
三木	1	0.001305	0.003287
裕	1	0.001305	0.003287
海賊	1	0.001305	0.003287
しま	1	0.001305	0.003129
増刊	1	0.001305	0.003129
石井	1	0.001305	0.003129
展	1	0.001305	0.003129
ガ	1	0.001305	0.003129
G	1	0.001305	0.003129
士	1	0.001305	0.003129
貼り	1	0.001305	0.003129
冒険	1	0.001305	0.003003
始まり	1	0.001305	0.003003
II	1	0.001305	0.003003
順	1	0.001305	0.003003
太田	1	0.001305	0.003003
山田	1	0.001305	0.003003
太郎	1	0.001305	0.002876
愛	1	0.001305	0.002876
ウィキポータル	1	0.001305	0.002801
始まっ	1	0.001305	0.002801
石	1	0.001305	0.002801
歌	1	0.001305	0.002801
博士	1	0.001305	0.002801
光	1	0.001305	0.002801
谷	1	0.001305	0.002801
付け	1	0.001305	0.002801
よ	1	0.001305	0.002713
小林	1	0.001305	0.002713
96	1	0.001305	0.002713
プロジェクト	1	0.001305	0.002664
87	1	0.001305	0.002664
表示	2	0.002611	0.002611
カテゴリ	2	0.002611	0.002611
さ	2	0.002611	0.002611
れ	2	0.002611	0.002611
に	2	0.002611	0.002611
し	2	0.002611	0.002611
と	2	0.002611	0.002611
人	2	0.002611	0.002611
A	2	0.002611	0.002611
「	2	0.002611	0.002611
子供	1	0.001305	0.002610
ま	1	0.001305	0.002550
男	1	0.001305	0.002550
1995	1	0.001305	0.002408
1996	1	0.001305	0.002408
1999	1	0.001305	0.002408
そして	1	0.001305	0.002408
ください	1	0.001305	0.002408
1998	1	0.001305	0.002320
31	1	0.001305	0.002320
子	1	0.001305	0.002320
開始	1	0.001305	0.002217
29	1	0.001305	0.002217
2005	1	0.001305	0.002217
25	1	0.001305	0.002217
長	1	0.001305	0.002217
本	1	0.001305	0.002091
2000	1	0.001305	0.002091
2003	1	0.001305	0.002091
う	1	0.001305	0.002091
に関する	1	0.001305	0.002091
P	1	0.001305	0.002091
化	1	0.001305	0.001928
14	1	0.001305	0.001928
書き	1	0.001305	0.001928
加筆	1	0.001305	0.001928
訂正	1	0.001305	0.001928
下さる	1	0.001305	0.001928
場合	1	0.001305	0.001928
F	1	0.001305	0.001928
D	1	0.001305	0.001928
表	1	0.001305	0.001698
話	1	0.001305	0.001698
編	1	0.001305	0.001698
歴	1	0.001305	0.001698
なる	1	0.001305	0.001698
による	1	0.001305	0.001698
ず	1	0.001305	0.001698
20	1	0.001305	0.001698
12	1	0.001305	0.001698
　	1	0.001305	0.001698
時代	1	0.001305	0.001698
かけ	1	0.001305	0.001698
です	1	0.001305	0.001698
協力	1	0.001305	0.001698
求め	1	0.001305	0.001698
ます	1	0.001305	0.001698
出典	1	0.001305	0.001305
フリー	1	0.001305	0.001305
百科	1	0.001305	0.001305
事典	1	0.001305	0.001305
ウィキペディア	1	0.001305	0.001305
Wikipedia	1	0.001305	0.001305
移動	1	0.001305	0.001305
ナビゲーション	1	0.001305	0.001305
,	1	0.001305	0.001305
検索	1	0.001305	0.001305
関連	1	0.001305	0.001305
リンク	1	0.001305	0.001305
から	1	0.001305	0.001305
後	1	0.001305	0.001305
で	1	0.001305	0.001305
あっ	1	0.001305	0.001305
いる	1	0.001305	0.001305
目次	1	0.001305	0.001305
非	1	0.001305	0.001305
も	1	0.001305	0.001305
この	1	0.001305	0.001305
など	1	0.001305	0.001305
い	1	0.001305	0.001305
が	1	0.001305	0.001305
http	1	0.001305	0.001305
://	1	0.001305	0.001305
ja	1	0.001305	0.001305
wikipedia	1	0.001305	0.001305
org	1	0.001305	0.001305
wiki	1	0.001305	0.001305
/%	1	0.001305	0.001305
より	1	0.001305	0.001305
作成	1	0.001305	0.001305
