TRUE	27	0.023176	0.069528
DREAMS	24	0.020601	0.061803
COME	24	0.020601	0.061803
SONG	22	0.018884	0.056652
WINTER	21	0.018026	0.054078
美和	19	0.016309	0.048927
正人	15	0.012876	0.038628
吉田	19	0.016309	0.037527
LOVE	16	0.013734	0.034589
シングル	18	0.015451	0.033160
中村	15	0.012876	0.030876
MIKE	9	0.007725	0.023175
PELA	9	0.007725	0.023175
SWEET	8	0.006867	0.020601
1994	12	0.010300	0.020129
アルバム	10	0.008584	0.018422
1998	12	0.010300	0.018315
クリスマス	7	0.006009	0.018027
月	21	0.018026	0.018026
1	19	0.016309	0.016309
2	18	0.015451	0.015451
Mr	6	0.005150	0.015450
Children	6	0.005150	0.015450
YOU	6	0.005150	0.013900
z	5	0.004292	0.012876
作品	9	0.007725	0.012376
さ	14	0.012017	0.012017
ソング	5	0.004292	0.011584
IT	5	0.004292	0.011584
し	13	0.011159	0.011159
t	5	0.004292	0.010809
エピックレコードジャパン	4	0.003433	0.010299
オリコン	4	0.003433	0.010299
WHEREVER	4	0.003433	0.010299
ARE	4	0.003433	0.010299
ミリオン	4	0.003433	0.010299
ロマンス	4	0.003433	0.010299
神様	4	0.003433	0.010299
広瀬	4	0.003433	0.010299
香美	4	0.003433	0.010299
ONLY	4	0.003433	0.010299
雅治	4	0.003433	0.010299
3	11	0.009442	0.009442
雪	4	0.003433	0.009266
福山	4	0.003433	0.009266
GOES	4	0.003433	0.009266
S	5	0.004292	0.008584
概要	6	0.005150	0.008251
順位	4	0.003433	0.008232
THE	4	0.003433	0.008232
12	7	0.006009	0.007818
POP	3	0.002575	0.007725
WORLDWIDE	3	0.002575	0.007725
VERSION	3	0.002575	0.007725
Don	3	0.002575	0.007725
Leave	3	0.002575	0.007725
Me	3	0.002575	0.007725
松任谷	3	0.002575	0.007725
由実	3	0.002575	0.007725
Tomorrow	3	0.002575	0.007725
never	3	0.002575	0.007725
knows	3	0.002575	0.007725
天使	3	0.002575	0.007725
来る	3	0.002575	0.007725
Ring	3	0.002575	0.007725
7	9	0.007725	0.007725
最高	4	0.003433	0.007138
週間	3	0.002575	0.006950
笑う	3	0.002575	0.006950
11	6	0.005150	0.006700
映画	4	0.003433	0.006533
24	4	0.003433	0.006533
レーベル	3	0.002575	0.006485
めぐり	3	0.002575	0.006485
ON	3	0.002575	0.006485
サンタ	3	0.002575	0.006485
14	5	0.004292	0.006340
チャート	3	0.002575	0.006175
B	7	0.006009	0.006009
年表	3	0.002575	0.005925
ビデオ	3	0.002575	0.005925
26	4	0.003433	0.005833
オリジナル	3	0.002575	0.005676
ジャンル	3	0.002575	0.005676
DVD	3	0.002575	0.005526
2003	4	0.003433	0.005500
J	3	0.002575	0.005354
The	3	0.002575	0.005354
映像	3	0.002575	0.005257
DREAM	2	0.001717	0.005151
cmCD	2	0.001717	0.005151
go	2	0.001717	0.005151
it	2	0.001717	0.005151
僅か	2	0.001717	0.005151
届か	2	0.001717	0.005151
ドリカム	2	0.001717	0.005151
th	2	0.001717	0.005151
逢え	2	0.001717	0.005151
晴れ	2	0.001717	0.005151
Swinging	2	0.001717	0.005151
Star	2	0.001717	0.005151
ZARD	2	0.001717	0.005151
Hey	2	0.001717	0.005151
no	2	0.001717	0.005151
innocent	2	0.001717	0.005151
world	2	0.001717	0.005151
終る	2	0.001717	0.005151
WANDS	2	0.001717	0.005151
Rusty	2	0.001717	0.005151
Nail	2	0.001717	0.005151
JAPAN	2	0.001717	0.005151
Hello	2	0.001717	0.005151
my	2	0.001717	0.005151
friend	2	0.001717	0.005151
On	2	0.001717	0.005151
CHAGE	2	0.001717	0.005151
ASKA	2	0.001717	0.005151
せつな	2	0.001717	0.005151
心強	2	0.001717	0.005151
komuro	2	0.001717	0.005151
すき	2	0.001717	0.005151
きづい	2	0.001717	0.005151
最強	2	0.001717	0.005151
ドリカムワンダーランド	2	0.001717	0.005151
うれし	2	0.001717	0.005151
GREATEST	2	0.001717	0.005151
HITS	2	0.001717	0.005151
SOUL	2	0.001717	0.005151
COLLECTION	2	0.001717	0.005151
4	6	0.005150	0.005150
終わる	2	0.001717	0.004634
マキシ	2	0.001717	0.004634
あと	2	0.001717	0.004634
MY	2	0.001717	0.004634
SMAP	2	0.001717	0.004634
恋し	2	0.001717	0.004634
篠原	2	0.001717	0.004634
with	2	0.001717	0.004634
10	4	0.003433	0.004466
28	3	0.002575	0.004375
25	3	0.002575	0.004375
19	3	0.002575	0.004375
涼子	2	0.001717	0.004324
内田	2	0.001717	0.004324
史上	2	0.001717	0.004324
遊園	2	0.001717	0.004324
未来	2	0.001717	0.004324
21	3	0.002575	0.004125
for	2	0.001717	0.004117
ベスト	2	0.001717	0.004117
楽曲	2	0.001717	0.003784
規格	2	0.001717	0.003685
X	2	0.001717	0.003685
テーマ	2	0.001717	0.003570
場所	2	0.001717	0.003505
曲	2	0.001717	0.003505
5	4	0.003433	0.003433
1993	2	0.001717	0.003355
23	2	0.001717	0.003268
1992	2	0.001717	0.003268
英語	2	0.001717	0.003168
1995	2	0.001717	0.003168
1999	2	0.001717	0.003168
31	2	0.001717	0.003053
18	2	0.001717	0.003053
1990	2	0.001717	0.003053
2009	2	0.001717	0.002917
17	2	0.001717	0.002917
2000	2	0.001717	0.002751
8	3	0.002575	0.002575
6	3	0.002575	0.002575
ドリクマ	1	0.000858	0.002574
エリック	1	0.000858	0.002574
Noa	1	0.000858	0.002574
カヴァー	1	0.000858	0.002574
LITTLE	1	0.000858	0.002574
GIRL	1	0.000858	0.002574
尾崎	1	0.000858	0.002574
泳ぎ	1	0.000858	0.002574
疲れ	1	0.000858	0.002574
泣き	1	0.000858	0.002574
GAMBA	1	0.000858	0.002574
LINDBERG	1	0.000858	0.002574
Nights	1	0.000858	0.002574
Knife	1	0.000858	0.002574
TMN	1	0.000858	0.002574
抱きしめ	1	0.000858	0.002574
ファイト	1	0.000858	0.002574
みゆき	1	0.000858	0.002574
survival	1	0.000858	0.002574
dAnce	1	0.000858	0.002574
cry	1	0.000858	0.002574
more	1	0.000858	0.002574
trf	1	0.000858	0.002574
瞳	1	0.000858	0.002574
そらさ	1	0.000858	0.002574
DEEN	1	0.000858	0.002574
Miss	1	0.000858	0.002574
美樹	1	0.000858	0.002574
NATURAL	1	0.000858	0.002574
Your	1	0.000858	0.002574
そば	1	0.000858	0.002574
SPY	1	0.000858	0.002574
槇原	1	0.000858	0.002574
敬之	1	0.000858	0.002574
VIRGIN	1	0.000858	0.002574
BEAT	1	0.000858	0.002574
氷室	1	0.000858	0.002574
京介	1	0.000858	0.002574
LUNA	1	0.000858	0.002574
SEA	1	0.000858	0.002574
大黒	1	0.000858	0.002574
摩季	1	0.000858	0.002574
素敵	1	0.000858	0.002574
大事	1	0.000858	0.002574
シングル・ヴァージョン	1	0.000858	0.002574
森高	1	0.000858	0.002574
千里	1	0.000858	0.002574
TENCA	1	0.000858	0.002574
取ろ	1	0.000858	0.002574
野望	1	0.000858	0.002574
有紀	1	0.000858	0.002574
来い	1	0.000858	0.002574
MOTEL	1	0.000858	0.002574
everybody	1	0.000858	0.002574
goes	1	0.000858	0.002574
秩序	1	0.000858	0.002574
ドロップ	1	0.000858	0.002574
MD	1	0.000858	0.002574
WALKMAN	1	0.000858	0.002574
CF	1	0.000858	0.002574
WINER	1	0.000858	0.002574
詞	1	0.000858	0.002574
Real	1	0.000858	0.002574
Thing	1	0.000858	0.002574
Shakes	1	0.000858	0.002574
VHS	1	0.000858	0.002574
ドリーム	1	0.000858	0.002574
PV	1	0.000858	0.002574
プロモーション	1	0.000858	0.002574
Jingle	1	0.000858	0.002574
Bells	1	0.000858	0.002574
back	1	0.000858	0.002574
ground	1	0.000858	0.002574
西川	1	0.000858	0.002574
隆宏	1	0.000858	0.002574
会い	1	0.000858	0.002574
APPROACH	1	0.000858	0.002574
はずかし	1	0.000858	0.002574
朝帰り	1	0.000858	0.002574
LAT	1	0.000858	0.002574
forty	1	0.000858	0.002574
three	1	0.000858	0.002574
degrees	1	0.000858	0.002574
north	1	0.000858	0.002574
latitude	1	0.000858	0.002574
行方	1	0.000858	0.002574
さよなら	1	0.000858	0.002574
Eyes	1	0.000858	0.002574
友達	1	0.000858	0.002574
太陽	1	0.000858	0.002574
サンキュ	1	0.000858	0.002574
ROMANCE	1	0.000858	0.002574
帰ろ	1	0.000858	0.002574
PEACE	1	0.000858	0.002574
MARRY	1	0.000858	0.002574
ME	1	0.000858	0.002574
SNOW	1	0.000858	0.002574
わすれ	1	0.000858	0.002574
TWENTY	1	0.000858	0.002574
FOUR	1	0.000858	0.002574
SEVEN	1	0.000858	0.002574
だめ	1	0.000858	0.002574
Go	1	0.000858	0.002574
Baby	1	0.000858	0.002574
universal	1	0.000858	0.002574
ALL	1	0.000858	0.002574
ABOUT	1	0.000858	0.002574
やさしい	1	0.000858	0.002574
マスカラ	1	0.000858	0.002574
まつげ	1	0.000858	0.002574
la	1	0.000858	0.002574
OLA	1	0.000858	0.002574
VITORIA	1	0.000858	0.002574
レター	1	0.000858	0.002574
SUNSHINE	1	0.000858	0.002574
LOVER	1	0.000858	0.002574
ア・イ・シ・テ・ル	1	0.000858	0.002574
ルフィ	1	0.000858	0.002574
ナミ	1	0.000858	0.002574
ウソップ	1	0.000858	0.002574
サンジ	1	0.000858	0.002574
チョッパー	1	0.000858	0.002574
フランキー	1	0.000858	0.002574
ヒルルク	1	0.000858	0.002574
くれ	1	0.000858	0.002574
MERRY	1	0.000858	0.002574
LIFE	1	0.000858	0.002574
ROUND	1	0.000858	0.002574
BABY	1	0.000858	0.002574
てっ	1	0.000858	0.002574
DAYS	1	0.000858	0.002574
WONDER	1	0.000858	0.002574
MILLION	1	0.000858	0.002574
KISSES	1	0.000858	0.002574
MAGIC	1	0.000858	0.002574
DELICIOUS	1	0.000858	0.002574
UNLIMITED	1	0.000858	0.002574
SING	1	0.000858	0.002574
OR	1	0.000858	0.002574
DIE	1	0.000858	0.002574
Monster	1	0.000858	0.002574
monkey	1	0.000858	0.002574
girl	1	0.000858	0.002574
odyssey	1	0.000858	0.002574
DIAMOND	1	0.000858	0.002574
ROCKS	1	0.000858	0.002574
DREAMAGE	1	0.000858	0.002574
BALLAD	1	0.000858	0.002574
DREAMANIA	1	0.000858	0.002574
SMOOTH	1	0.000858	0.002574
OVERFLOWS	1	0.000858	0.002574
ASIAN	1	0.000858	0.002574
EDITION	1	0.000858	0.002574
DCT	1	0.000858	0.002574
records	1	0.000858	0.002574
DCTgarden	1	0.000858	0.002574
IKEDA	1	0.000858	0.002574
浦嶋	1	0.000858	0.002574
りん	1	0.000858	0.002574
PEANUTS	1	0.000858	0.002574
たのし	1	0.000858	0.002574
アマレット	1	0.000858	0.002574
ハーモニー	1	0.000858	0.002574
オリコンシングルチャート	1	0.000858	0.002574
ミリオンセラー	1	0.000858	0.002574
13	2	0.001717	0.002536
世界	2	0.001717	0.002536
15	2	0.001717	0.002536
ない	2	0.001717	0.002536
ウインター	1	0.000858	0.002316
両方	1	0.000858	0.002316
マーティン	1	0.000858	0.002316
Boy	1	0.000858	0.002316
TUBE	1	0.000858	0.002316
You	1	0.000858	0.002316
今井	1	0.000858	0.002316
Mark	1	0.000858	0.002316
居る	1	0.000858	0.002316
がんばり	1	0.000858	0.002316
BLUE	1	0.000858	0.002316
逢い	1	0.000858	0.002316
SONY	1	0.000858	0.002316
nd	1	0.000858	0.002316
キャッチャー	1	0.000858	0.002316
笑顔	1	0.000858	0.002316
待っ	1	0.000858	0.002316
me	1	0.000858	0.002316
忘れ	1	0.000858	0.002316
DANCE	1	0.000858	0.002316
mix	1	0.000858	0.002316
ラヴ	1	0.000858	0.002316
JET	1	0.000858	0.002316
聞こえ	1	0.000858	0.002316
featuring	1	0.000858	0.002316
ゾロ	1	0.000858	0.002316
ロビン	1	0.000858	0.002316
連れ	1	0.000858	0.002316
GOOD	1	0.000858	0.002316
BYE	1	0.000858	0.002316
SCHOOL	1	0.000858	0.002316
先	1	0.000858	0.002316
DO	1	0.000858	0.002316
BEST	1	0.000858	0.002316
GROOVE	1	0.000858	0.002316
FUNK	1	0.000858	0.002316
大好き	1	0.000858	0.002316
コマーシャル	1	0.000858	0.002316
・	2	0.001717	0.002234
歴	2	0.001717	0.002234
ジャケット	1	0.000858	0.002161
OH	1	0.000858	0.002161
美穂	1	0.000858	0.002161
HEART	1	0.000858	0.002161
歌手	1	0.000858	0.002161
ばん	1	0.000858	0.002161
はじまり	1	0.000858	0.002161
AND	1	0.000858	0.002161
こ	1	0.000858	0.002161
主題歌	1	0.000858	0.002161
中島	1	0.000858	0.002057
永遠	1	0.000858	0.002057
向かっ	1	0.000858	0.002057
1977	1	0.000858	0.002057
ミュージック	1	0.000858	0.002057
N	1	0.000858	0.002057
to	1	0.000858	0.002057
ちょう	1	0.000858	0.002057
OF	1	0.000858	0.002057
空	1	0.000858	0.001974
1971	1	0.000858	0.001974
1974	1	0.000858	0.001974
1976	1	0.000858	0.001974
1984	1	0.000858	0.001974
1988	1	0.000858	0.001974
あわせ	1	0.000858	0.001974
いい	1	0.000858	0.001974
嵐	1	0.000858	0.001974
何	1	0.000858	0.001974
さまざま	1	0.000858	0.001891
豊	1	0.000858	0.001891
愛	1	0.000858	0.001891
中山	1	0.000858	0.001891
夢	1	0.000858	0.001891
52	1	0.000858	0.001891
日本人	1	0.000858	0.001891
歴代	1	0.000858	0.001891
メンバー	1	0.000858	0.001891
恋	1	0.000858	0.001891
I	1	0.000858	0.001891
春	1	0.000858	0.001841
1969	1	0.000858	0.001841
1972	1	0.000858	0.001841
1975	1	0.000858	0.001841
1978	1	0.000858	0.001841
1979	1	0.000858	0.001841
1983	1	0.000858	0.001841
1987	1	0.000858	0.001841
1991	1	0.000858	0.001841
商品	1	0.000858	0.001841
43	1	0.000858	0.001841
1981	1	0.000858	0.001784
1982	1	0.000858	0.001784
in	1	0.000858	0.001784
事項	1	0.000858	0.001784
キャラクター	1	0.000858	0.001752
1989	1	0.000858	0.001752
タイトル	1	0.000858	0.001752
日本	2	0.001717	0.001717
9	2	0.001717	0.001717
する	2	0.001717	0.001717
cm	1	0.000858	0.001716
CD	1	0.000858	0.001716
現代	1	0.000858	0.001716
1968	1	0.000858	0.001716
1997	1	0.000858	0.001716
英	1	0.000858	0.001716
本	1	0.000858	0.001716
91	1	0.000858	0.001716
the	1	0.000858	0.001716
なく	1	0.000858	0.001677
of	1	0.000858	0.001677
1967	1	0.000858	0.001677
1973	1	0.000858	0.001677
1986	1	0.000858	0.001677
50	1	0.000858	0.001677
大阪	1	0.000858	0.001677
1985	1	0.000858	0.001633
音楽	1	0.000858	0.001633
夏	1	0.000858	0.001583
人	1	0.000858	0.001583
1970	1	0.000858	0.001583
1996	1	0.000858	0.001583
27	1	0.000858	0.001526
2010	1	0.000858	0.001526
22	1	0.000858	0.001458
29	1	0.000858	0.001458
1980	1	0.000858	0.001458
2002	1	0.000858	0.001458
2005	1	0.000858	0.001458
2006	1	0.000858	0.001458
95	1	0.000858	0.001458
万	1	0.000858	0.001458
PJ	1	0.000858	0.001458
2001	1	0.000858	0.001375
2008	1	0.000858	0.001375
P	1	0.000858	0.001375
16	1	0.000858	0.001267
30	1	0.000858	0.001267
2004	1	0.000858	0.001267
2007	1	0.000858	0.001267
見	1	0.000858	0.001267
書き	1	0.000858	0.001267
なる	1	0.000858	0.001116
あり	1	0.000858	0.001116
20	1	0.000858	0.001116
時代	1	0.000858	0.001116
求め	1	0.000858	0.001116
出典	1	0.000858	0.000858
フリー	1	0.000858	0.000858
百科	1	0.000858	0.000858
事典	1	0.000858	0.000858
ウィキペディア	1	0.000858	0.000858
Wikipedia	1	0.000858	0.000858
ナビゲーション	1	0.000858	0.000858
目次	1	0.000858	0.000858
項目	1	0.000858	0.000858
http	1	0.000858	0.000858
ja	1	0.000858	0.000858
wikipedia	1	0.000858	0.000858
org	1	0.000858	0.000858
wiki	1	0.000858	0.000858
カテゴリ	1	0.000858	0.000858
