の	47	0.050701	0.050701
徳島	19	0.020496	0.047162
バス	19	0.020496	0.037817
駅	19	0.020496	0.034822
%	32	0.034520	0.034520
便	12	0.012945	0.031041
鳴門	9	0.009709	0.029127
、	26	0.028047	0.028047
。	21	0.022654	0.022654
が	21	0.022654	0.022654
高速	10	0.010787	0.022428
は	19	0.020496	0.020496
当	8	0.008630	0.018521
県	12	0.012945	0.016842
に	14	0.015102	0.015102
3	14	0.015102	0.015102
施設	8	0.008630	0.014662
駐車	5	0.005394	0.014558
を	13	0.014024	0.014024
ターミナル	5	0.005394	0.013585
で	12	0.012945	0.012945
とくとく	4	0.004315	0.012945
松茂	4	0.004315	0.012945
停車	5	0.005394	0.012934
経由	5	0.005394	0.012934
発着	5	0.005394	0.012412
方面	6	0.006472	0.012317
E	11	0.011866	0.011866
（	10	0.010787	0.010787
[	10	0.010787	0.010787
も	10	0.010787	0.010787
・	10	0.010787	0.010787
）	9	0.009709	0.009709
する	9	0.009709	0.009709
「	9	0.009709	0.009709
」	9	0.009709	0.009709
吉野川	3	0.003236	0.009708
交通	5	0.005394	0.009164
場	5	0.005394	0.008642
]	8	0.008630	0.008630
ある	8	0.008630	0.008630
設置	4	0.004315	0.007673
道路	3	0.003236	0.006945
81	4	0.004315	0.006913
1	6	0.006472	0.006472
た	6	0.006472	0.006472
編集	6	0.006472	0.006472
て	6	0.006472	0.006472
し	6	0.006472	0.006472
阿南	2	0.002157	0.006471
淡路島	2	0.002157	0.006471
等	4	0.004315	0.006374
.^	4	0.004315	0.006374
道	3	0.003236	0.005971
バスターミナル	2	0.002157	0.005822
狙い	2	0.002157	0.005822
注	2	0.002157	0.005822
及び	3	0.003236	0.005498
事例	2	0.002157	0.005432
香川	2	0.002157	0.005432
都合	2	0.002157	0.005432
さ	5	0.005394	0.005394
れ	5	0.005394	0.005394
と	5	0.005394	0.005394
8	5	0.005394	0.005394
のみ	3	0.003236	0.005184
民営	2	0.002157	0.005172
岡山	2	0.002157	0.004963
それ	3	0.003236	0.004780
F	3	0.003236	0.004780
開設	2	0.002157	0.004754
通過	2	0.002157	0.004754
比較	2	0.002157	0.004629
最も	2	0.002157	0.004629
広島	2	0.002157	0.004629
グループ	2	0.002157	0.004629
量	2	0.002157	0.004403
小	2	0.002157	0.004403
:	4	0.004315	0.004315
日	4	0.004315	0.004315
4	4	0.004315	0.004315
表示	4	0.004315	0.004315
として	4	0.004315	0.004315
83	4	0.004315	0.004315
|	4	0.004315	0.004315
全て	2	0.002157	0.004215
：	3	0.003236	0.004210
路線	2	0.002157	0.004105
町	2	0.002157	0.003835
一般	2	0.002157	0.003665
PJ	2	0.002157	0.003665
利用	2	0.002157	0.003456
]。	2	0.002157	0.003456
多い	2	0.002157	0.003456
〜	2	0.002157	0.003456
称	1	0.001079	0.003237
Tokushima	1	0.001079	0.003237
Tokutoku	1	0.001079	0.003237
Terminal	1	0.001079	0.003237
仮称	1	0.001079	0.003237
板野	1	0.001079	0.003237
一大	1	0.001079	0.003237
幾つ	1	0.001079	0.003237
草津	1	0.001079	0.003237
十和田湖	1	0.001079	0.003237
山鹿	1	0.001079	0.003237
有す	1	0.001079	0.003237
千代田	1	0.001079	0.003237
荘川	1	0.001079	0.003237
色濃い	1	0.001079	0.003237
渋滞	1	0.001079	0.003237
混雑	1	0.001079	0.003237
パークアンドライド	1	0.001079	0.003237
除い	1	0.001079	0.003237
立地	1	0.001079	0.003237
便数	1	0.001079	0.003237
LED	1	0.001079	0.003237
発車	1	0.001079	0.003237
数値	1	0.001079	0.003237
橋間	1	0.001079	0.003237
中喜来	1	0.001079	0.003237
大橋南	1	0.001079	0.003237
詰め	1	0.001079	0.003237
816	1	0.001079	0.003237
サンセス	1	0.001079	0.003237
歩行	1	0.001079	0.003237
原付	1	0.001079	0.003237
不可	1	0.001079	0.003237
公営	1	0.001079	0.003237
リアルタイム	1	0.001079	0.003237
アイポスネット	1	0.001079	0.003237
サーチ	1	0.001079	0.003237
全便	1	0.001079	0.003237
6	3	0.003236	0.003236
2	3	0.003236	0.003236
5	3	0.003236	0.003236
や	3	0.003236	0.003236
また	3	0.003236	0.003236
いる	3	0.003236	0.003236
者	3	0.003236	0.003236
ない	3	0.003236	0.003236
/	3	0.003236	0.003236
B	3	0.003236	0.003236
A	3	0.003236	0.003236
ば	2	0.002157	0.003186
上	2	0.002157	0.003186
バイパス	1	0.001079	0.002912
280	1	0.001079	0.002912
交通省	1	0.001079	0.002912
謂	1	0.001079	0.002912
舞	1	0.001079	0.002912
ロード	1	0.001079	0.002912
IC	1	0.001079	0.002912
郷	1	0.001079	0.002912
要素	1	0.001079	0.002912
交差点	1	0.001079	0.002912
大橋	1	0.001079	0.002912
慢性	1	0.001079	0.002912
近隣	1	0.001079	0.002912
愛媛	1	0.001079	0.002912
）[	1	0.001079	0.002912
外部	2	0.002157	0.002806
ず	2	0.002157	0.002806
前	2	0.002157	0.002806
本町	1	0.001079	0.002717
極めて	1	0.001079	0.002717
そこで	1	0.001079	0.002717
有料	1	0.001079	0.002717
高知	1	0.001079	0.002717
昼間	1	0.001079	0.002717
通行	1	0.001079	0.002717
スポット	1	0.001079	0.002717
四国	1	0.001079	0.002717
拠点	1	0.001079	0.002587
国土	1	0.001079	0.002587
性質	1	0.001079	0.002587
桜	1	0.001079	0.002587
]、	1	0.001079	0.002587
改善	1	0.001079	0.002587
利便	1	0.001079	0.002587
敷地	1	0.001079	0.002587
条件	1	0.001079	0.002587
豊富	1	0.001079	0.002587
空港	1	0.001079	0.002587
休日	1	0.001079	0.002587
53	1	0.001079	0.002587
車種	1	0.001079	0.002587
機能	1	0.001079	0.002483
図る	1	0.001079	0.002483
すれ	1	0.001079	0.002483
橋	1	0.001079	0.002483
のり	1	0.001079	0.002483
除く	1	0.001079	0.002483
満	1	0.001079	0.002483
空	1	0.001079	0.002483
選択	1	0.001079	0.002483
バス停	1	0.001079	0.002483
沿い	1	0.001079	0.002378
温泉	1	0.001079	0.002378
国鉄	1	0.001079	0.002378
それら	1	0.001079	0.002378
種類	1	0.001079	0.002378
案内	1	0.001079	0.002378
運行	1	0.001079	0.002378
西日本	1	0.001079	0.002378
人気	1	0.001079	0.002378
交流	1	0.001079	0.002316
似	1	0.001079	0.002316
逆	1	0.001079	0.002316
起こっ	1	0.001079	0.002316
向上	1	0.001079	0.002316
スペース	1	0.001079	0.002316
すなわち	1	0.001079	0.002316
国道	1	0.001079	0.002243
異なる	1	0.001079	0.002243
近い	1	0.001079	0.002243
挙げ	1	0.001079	0.002243
よく	1	0.001079	0.002243
整備	1	0.001079	0.002243
加え	1	0.001079	0.002243
建築	1	0.001079	0.002243
郡	1	0.001079	0.002203
といった	1	0.001079	0.002203
英	1	0.001079	0.002158
自動車	1	0.001079	0.002158
物	1	0.001079	0.002158
,	2	0.002157	0.002157
年	2	0.002157	0.002157
月	2	0.002157	0.002157
リンク	2	0.002157	0.002157
より	2	0.002157	0.002157
この	2	0.002157	0.002157
.	2	0.002157	0.002157
通称	1	0.001079	0.002109
BF	1	0.001079	0.002109
うち	1	0.001079	0.002053
に対し	1	0.001079	0.002053
JR	1	0.001079	0.002053
位置	1	0.001079	0.001991
目的	1	0.001079	0.001991
台	1	0.001079	0.001991
平成	1	0.001079	0.001991
各	1	0.001079	0.001991
BE	1	0.001079	0.001991
に対する	1	0.001079	0.001919
年度	1	0.001079	0.001919
参照	1	0.001079	0.001919
新	1	0.001079	0.001833
所	1	0.001079	0.001833
中心	1	0.001079	0.001833
可能	1	0.001079	0.001833
でき	1	0.001079	0.001833
2006	1	0.001079	0.001833
ほか	1	0.001079	0.001833
17	1	0.001079	0.001833
AB	1	0.001079	0.001833
地方	1	0.001079	0.001833
2003	1	0.001079	0.001729
他	1	0.001079	0.001729
部	1	0.001079	0.001729
多く	1	0.001079	0.001729
内	1	0.001079	0.001729
式	1	0.001079	0.001729
情報	1	0.001079	0.001729
P	1	0.001079	0.001729
BC	1	0.001079	0.001729
号	1	0.001079	0.001594
存在	1	0.001079	0.001594
市	1	0.001079	0.001594
性	1	0.001079	0.001594
なお	1	0.001079	0.001594
15	1	0.001079	0.001594
間	1	0.001079	0.001594
時間	1	0.001079	0.001594
について	1	0.001079	0.001594
せ	1	0.001079	0.001594
書き	1	0.001079	0.001594
加筆	1	0.001079	0.001594
訂正	1	0.001079	0.001594
下さる	1	0.001079	0.001594
11	1	0.001079	0.001404
によって	1	0.001079	0.001404
られる	1	0.001079	0.001404
おり	1	0.001079	0.001404
これ	1	0.001079	0.001404
もの	1	0.001079	0.001404
現在	1	0.001079	0.001404
12	1	0.001079	0.001404
中	1	0.001079	0.001404
かけ	1	0.001079	0.001404
です	1	0.001079	0.001404
記事	1	0.001079	0.001404
協力	1	0.001079	0.001404
求め	1	0.001079	0.001404
ます	1	0.001079	0.001404
出典	1	0.001079	0.001079
フリー	1	0.001079	0.001079
百科	1	0.001079	0.001079
事典	1	0.001079	0.001079
『	1	0.001079	0.001079
ウィキペディア	1	0.001079	0.001079
Wikipedia	1	0.001079	0.001079
』	1	0.001079	0.001079
移動	1	0.001079	0.001079
ナビゲーション	1	0.001079	0.001079
検索	1	0.001079	0.001079
目次	1	0.001079	0.001079
非	1	0.001079	0.001079
日本	1	0.001079	0.001079
的	1	0.001079	0.001079
こと	1	0.001079	0.001079
あり	1	0.001079	0.001079
7	1	0.001079	0.001079
その	1	0.001079	0.001079
関連	1	0.001079	0.001079
項目	1	0.001079	0.001079
など	1	0.001079	0.001079
い	1	0.001079	0.001079
http	1	0.001079	0.001079
://	1	0.001079	0.001079
ja	1	0.001079	0.001079
wikipedia	1	0.001079	0.001079
org	1	0.001079	0.001079
wiki	1	0.001079	0.001079
/%	1	0.001079	0.001079
82	1	0.001079	0.001079
9	1	0.001079	0.001079
作成	1	0.001079	0.001079
カテゴリ	1	0.001079	0.001079
