駅	76	0.032122	0.054574
上郡	38	0.016061	0.048183
の	89	0.037616	0.037616
-	80	0.033812	0.033812
智頭	20	0.008453	0.025359
。	55	0.023246	0.023246
、	51	0.021555	0.021555
）	49	0.020710	0.020710
（	48	0.020287	0.020287
は	46	0.019442	0.019442
急行	18	0.007608	0.019161
に	42	0.017751	0.017751
方面	20	0.008453	0.016087
が	38	0.016061	0.016061
線	21	0.008876	0.015080
列車	16	0.006762	0.014904
当	16	0.006762	0.014512
年	33	0.013948	0.013948
兵庫	12	0.005072	0.013689
番線	12	0.005072	0.013689
鉄道	16	0.006762	0.013524
で	28	0.011834	0.011834
山陽本線	9	0.003804	0.011412
姫路	9	0.003804	0.011412
・	24	0.010144	0.010144
特急	10	0.004227	0.010136
ホーム	11	0.004649	0.009977
岡山	10	0.004227	0.009726
て	23	0.009721	0.009721
[	22	0.009298	0.009298
改札	8	0.003381	0.009125
を	20	0.008453	0.008453
■	9	0.003804	0.008164
有	8	0.003381	0.007780
快速	8	0.003381	0.007780
日	18	0.007608	0.007608
]	18	0.007608	0.007608
赤穂	6	0.002536	0.007608
智頭線	6	0.002536	0.007608
西日本旅客鉄道	7	0.002959	0.007452
JR	9	0.003804	0.007239
路線	9	0.003804	0.007239
1	17	0.007185	0.007185
と	17	0.007185	0.007185
3	16	0.006762	0.006762
「	16	0.006762	0.006762
」	16	0.006762	0.006762
神戸	6	0.002536	0.006387
4	15	0.006340	0.006340
月	15	0.006340	0.006340
ある	15	0.006340	0.006340
支社	5	0.002113	0.006339
利用	9	0.003804	0.006094
スーパー	6	0.002536	0.006081
行き	6	0.002536	0.006081
県	11	0.004649	0.006048
隣	6	0.002536	0.005835
新	8	0.003381	0.005744
相生	5	0.002113	0.005703
西日本	6	0.002536	0.005590
2	13	0.005495	0.005495
駅舎	5	0.002113	0.005322
普通	6	0.002536	0.005273
始発	4	0.001691	0.005073
編集	12	0.005072	0.005072
停車	5	0.002113	0.005067
大阪	6	0.002536	0.004956
平成	6	0.002536	0.004679
し	11	0.004649	0.004649
いる	11	0.004649	0.004649
れ	11	0.004649	0.004649
ダイヤ	4	0.001691	0.004564
下り	4	0.001691	0.004564
鳥取	4	0.001691	0.004564
町	6	0.002536	0.004509
.^	7	0.002959	0.004371
上り	4	0.001691	0.004259
山陽	4	0.001691	0.004259
自動	4	0.001691	0.004055
貨物	4	0.001691	0.004055
明治	5	0.002113	0.004021
道	5	0.002113	0.003899
運転	4	0.001691	0.003891
.	9	0.003804	0.003804
8	9	0.003804	0.003804
も	9	0.003804	0.003804
た	9	0.003804	0.003804
苔縄	3	0.001268	0.003804
跨線橋	3	0.001268	0.003804
三原	3	0.001268	0.003804
はく	3	0.001268	0.003804
大原	3	0.001268	0.003804
神姫バス	3	0.001268	0.003804
km	5	0.002113	0.003757
18	5	0.002113	0.003757
号	6	0.002536	0.003746
外	4	0.001691	0.003727
石	4	0.001691	0.003629
運用	4	0.001691	0.003629
販売	4	0.001691	0.003516
機	4	0.001691	0.003452
ICOCA	3	0.001268	0.003422
乗客	3	0.001268	0.003422
ウエスト	3	0.001268	0.003422
瀬戸	3	0.001268	0.003422
再開	3	0.001268	0.003422
（>>	3	0.001268	0.003422
両	4	0.001691	0.003382
さ	8	0.003381	0.003381
%	8	0.003381	0.003381
12	6	0.002536	0.003299
なる	6	0.002536	0.003299
京都	4	0.001691	0.003218
飲料	3	0.001268	0.003193
出雲	3	0.001268	0.003193
ば	5	0.002113	0.003121
行く	3	0.001268	0.003041
姫	3	0.001268	0.003041
所属	4	0.001691	0.003007
設置	4	0.001691	0.003007
6	7	0.002959	0.002959
あり	7	0.002959	0.002959
この	7	0.002959	0.002959
い	7	0.002959	0.002959
する	7	0.002959	0.002959
|	7	0.002959	0.002959
本線	3	0.001268	0.002918
国有	3	0.001268	0.002918
乗車	3	0.001268	0.002795
おり	5	0.002113	0.002749
まで	5	0.002113	0.002749
により	5	0.002113	0.002749
のみ	4	0.001691	0.002709
本	4	0.001691	0.002709
5	6	0.002536	0.002536
構造	3	0.001268	0.002536
大持	2	0.000845	0.002535
中間	2	0.000845	0.002535
バリアフリー	2	0.000845	0.002535
□	2	0.000845	0.002535
折り返す	2	0.000845	0.002535
止まり	2	0.000845	0.002535
西明石	2	0.000845	0.002535
米原	2	0.000845	0.002535
近江塩津	2	0.000845	0.002535
駅弁	2	0.000845	0.002535
サンライズ	2	0.000845	0.002535
平福	2	0.000845	0.002535
岩木	2	0.000845	0.002535
網干	2	0.000845	0.002535
西川原	2	0.000845	0.002535
倉敷	2	0.000845	0.002535
三	4	0.001691	0.002498
化	4	0.001691	0.002498
神	3	0.001268	0.002413
センター	3	0.001268	0.002340
かみ	2	0.000845	0.002281
1895	2	0.000845	0.002281
境界	2	0.000845	0.002281
標	2	0.000845	0.002281
管轄	2	0.000845	0.002281
エレベーター	2	0.000845	0.002281
待合室	2	0.000845	0.002281
トイレ	2	0.000845	0.002281
敷設	2	0.000845	0.002281
毎時	2	0.000845	0.002281
以東	2	0.000845	0.002281
町立	2	0.000845	0.002281
粒子	2	0.000845	0.002281
取扱	2	0.000845	0.002281
寝台	2	0.000845	0.002281
停車駅	2	0.000845	0.002281
<<）	2	0.000845	0.002281
?	3	0.001268	0.002255
年度	3	0.001268	0.002255
ます	4	0.001691	0.002200
28	3	0.001268	0.002154
開始	3	0.001268	0.002154
及び	3	0.001268	0.002154
22	3	0.001268	0.002154
180	2	0.000845	0.002128
折り返し	2	0.000845	0.002128
土曜	2	0.000845	0.002128
乗り入れ	2	0.000845	0.002128
:	5	0.002113	0.002113
な	5	0.002113	0.002113
9	5	0.002113	0.002113
へ	5	0.002113	0.002113
2008	3	0.001268	0.002031
脚注	3	0.001268	0.002031
]。	3	0.001268	0.002031
場	3	0.001268	0.002031
人員	2	0.000845	0.002026
程	2	0.000845	0.002026
起点	2	0.000845	0.002026
備考	2	0.000845	0.002026
みどり	2	0.000845	0.002026
窓口	2	0.000845	0.002026
出入口	2	0.000845	0.002026
経由	2	0.000845	0.002026
停留所	2	0.000845	0.002026
医療	2	0.000845	0.002026
信号	2	0.000845	0.002026
工事	2	0.000845	0.001944
のり	2	0.000845	0.001944
発着	2	0.000845	0.001944
会場	2	0.000845	0.001944
時	3	0.001268	0.001873
統計	2	0.000845	0.001862
キロ	2	0.000845	0.001862
状況	2	0.000845	0.001862
通過	2	0.000845	0.001862
帯	2	0.000845	0.001862
改正	2	0.000845	0.001862
朝	2	0.000845	0.001813
郡	2	0.000845	0.001725
開業	2	0.000845	0.001725
,	4	0.001691	0.001691
者	4	0.001691	0.001691
から	4	0.001691	0.001691
7	4	0.001691	0.001691
関連	4	0.001691	0.001691
項目	4	0.001691	0.001691
なっ	4	0.001691	0.001691
含む	2	0.000845	0.001690
伴い	2	0.000845	0.001690
周辺	2	0.000845	0.001651
※	2	0.000845	0.001651
使わ	2	0.000845	0.001651
0	3	0.001268	0.001650
10	3	0.001268	0.001650
中	3	0.001268	0.001650
なり	3	0.001268	0.001650
完成	2	0.000845	0.001608
用	2	0.000845	0.001608
事業	2	0.000845	0.001559
廃止	2	0.000845	0.001559
バス	2	0.000845	0.001559
ご	2	0.000845	0.001503
面	2	0.000845	0.001503
以外	2	0.000845	0.001503
参照	2	0.000845	0.001503
可能	2	0.000845	0.001436
2006	2	0.000845	0.001436
2009	2	0.000845	0.001436
概要	2	0.000845	0.001354
内	2	0.000845	0.001354
分	2	0.000845	0.001354
昭和	2	0.000845	0.001354
隠す	2	0.000845	0.001354
Kamig	1	0.000423	0.001269
ri	1	0.000423	0.001269
170	1	0.000423	0.001269
カミ	1	0.000423	0.001269
*?	1	0.000423	0.001269
管内	1	0.000423	0.001269
県境	1	0.000423	0.001269
アーバンネットワーク	1	0.000423	0.001269
使え	1	0.000423	0.001269
始発駅	1	0.000423	0.001269
有人	1	0.000423	0.001269
水洗	1	0.000423	0.001269
切り	1	0.000423	0.001269
欠き	1	0.000423	0.001269
仕切ら	1	0.000423	0.001269
通ら	1	0.000423	0.001269
スイッチバック	1	0.000423	0.001269
プラットホーム	1	0.000423	0.001269
両方向	1	0.000423	0.001269
佐用	1	0.000423	0.001269
待避	1	0.000423	0.001269
留置	1	0.000423	0.001269
滞	1	0.000423	0.001269
泊	1	0.000423	0.001269
遠く	1	0.000423	0.001269
近郊	1	0.000423	0.001269
北端	1	0.000423	0.001269
播州	1	0.000423	0.001269
255	1	0.000423	0.001269
打ち切ら	1	0.000423	0.001269
乗り換え	1	0.000423	0.001269
落ち込ん	1	0.000423	0.001269
店主	1	0.000423	0.001269
体調	1	0.000423	0.001269
崩し	1	0.000423	0.001269
廃業	1	0.000423	0.001269
山野里	1	0.000423	0.001269
ネオポリス	1	0.000423	0.001269
署	1	0.000423	0.001269
交番	1	0.000423	0.001269
373	1	0.000423	0.001269
末広	1	0.000423	0.001269
佐伯	1	0.000423	0.001269
236	1	0.000423	0.001269
停車場	1	0.000423	0.001269
大鳥	1	0.000423	0.001269
圭介	1	0.000423	0.001269
請願	1	0.000423	0.001269
線路	1	0.000423	0.001269
乗換	1	0.000423	0.001269
台風	1	0.000423	0.001269
全面	1	0.000423	0.001269
三石	1	0.000423	0.001269
以西	1	0.000423	0.001269
船坂	1	0.000423	0.001269
きっぷ	1	0.000423	0.001269
止め	1	0.000423	0.001269
待つ	1	0.000423	0.001269
光景	1	0.000423	0.001269
連結	1	0.000423	0.001269
北陸本線	1	0.000423	0.001269
窓	1	0.000423	0.001269
ぎく	1	0.000423	0.001269
成年	1	0.000423	0.001269
シャトル	1	0.000423	0.001269
プレス	1	0.000423	0.001269
英賀保	1	0.000423	0.001269
はりま	1	0.000423	0.001269
勝原	1	0.000423	0.001269
竜野	1	0.000423	0.001269
吉永	1	0.000423	0.001269
和気	1	0.000423	0.001269
熊山	1	0.000423	0.001269
上道	1	0.000423	0.001269
播州赤穂	1	0.000423	0.001269
高島	1	0.000423	0.001269
就実	1	0.000423	0.001269
西岡山	1	0.000423	0.001269
北長瀬	1	0.000423	0.001269
庭瀬	1	0.000423	0.001269
中庄	1	0.000423	0.001269
新見	1	0.000423	0.001269
西阿知	1	0.000423	0.001269
鴨方	1	0.000423	0.001269
里庄	1	0.000423	0.001269
笠岡	1	0.000423	0.001269
東福山	1	0.000423	0.001269
備後赤坂	1	0.000423	0.001269
松永	1	0.000423	0.001269
東尾道	1	0.000423	0.001269
尾道	1	0.000423	0.001269
糸崎	1	0.000423	0.001269
河野原	1	0.000423	0.001269
円心	1	0.000423	0.001269
久崎	1	0.000423	0.001269
佐	1	0.000423	0.001269
宮本	1	0.000423	0.001269
西粟倉	1	0.000423	0.001269
あわ	1	0.000423	0.001269
山郷	1	0.000423	0.001269
宮島	1	0.000423	0.001269
航路	1	0.000423	0.001269
人	3	0.001268	0.001268
/	3	0.001268	0.001268
表示	3	0.001268	0.001268
ため	3	0.001268	0.001268
的	3	0.001268	0.001268
また	3	0.001268	0.001268
など	3	0.001268	0.001268
より	3	0.001268	0.001268
こと	3	0.001268	0.001268
日本	3	0.001268	0.001268
E	3	0.001268	0.001268
A	3	0.001268	0.001268
について	2	0.000845	0.001248
歴史	2	0.000845	0.001248
できる	2	0.000845	0.001248
時間	2	0.000845	0.001248
間	2	0.000845	0.001248
入	1	0.000423	0.001142
この間	1	0.000423	0.001142
年寄り	1	0.000423	0.001142
図	1	0.000423	0.001142
地平	1	0.000423	0.001142
売店	1	0.000423	0.001142
月曜	1	0.000423	0.001142
午前	1	0.000423	0.001142
行先	1	0.000423	0.001142
出入り	1	0.000423	0.001142
中途	1	0.000423	0.001142
県知事	1	0.000423	0.001142
1906	1	0.000423	0.001142
同線	1	0.000423	0.001142
無くなる	1	0.000423	0.001142
代行	1	0.000423	0.001142
介し	1	0.000423	0.001142
国体	1	0.000423	0.001142
貨	1	0.000423	0.001142
金光	1	0.000423	0.001142
福山	1	0.000423	0.001142
くら	1	0.000423	0.001142
ず	2	0.000845	0.001099
使用	2	0.000845	0.001099
表	2	0.000845	0.001099
外部	2	0.000845	0.001099
という	2	0.000845	0.001099
　	2	0.000845	0.001099
記事	2	0.000845	0.001099
電報	1	0.000423	0.001065
略号	1	0.000423	0.001065
乗	1	0.000423	0.001065
仕方	1	0.000423	0.001065
Template	1	0.000423	0.001065
終点	1	0.000423	0.001065
扱い	1	0.000423	0.001065
エリア	1	0.000423	0.001065
待機	1	0.000423	0.001065
夜間	1	0.000423	0.001065
深夜	1	0.000423	0.001065
乗り入れる	1	0.000423	0.001065
あたり	1	0.000423	0.001065
平均	1	0.000423	0.001065
昼間	1	0.000423	0.001065
役場	1	0.000423	0.001065
平日	1	0.000423	0.001065
郵便	1	0.000423	0.001065
1893	1	0.000423	0.001065
1909	1	0.000423	0.001065
大雨	1	0.000423	0.001065
一時	1	0.000423	0.001065
直通	1	0.000423	0.001065
各駅	1	0.000423	0.001065
町内	1	0.000423	0.001065
公共	1	0.000423	0.001065
青春	1	0.000423	0.001065
PDF	1	0.000423	0.001065
富	1	0.000423	0.001065
大門	1	0.000423	0.001065
山形	1	0.000423	0.001065
地上	1	0.000423	0.001014
降車	1	0.000423	0.001014
年月日	1	0.000423	0.001014
)(	1	0.000423	0.001014
ごらん	1	0.000423	0.001014
]、	1	0.000423	0.001014
休日	1	0.000423	0.001014
往復	1	0.000423	0.001014
中野	1	0.000423	0.001014
旅客	1	0.000423	0.001014
分割	1	0.000423	0.001014
民営	1	0.000423	0.001014
利便	1	0.000423	0.001014
駅前	1	0.000423	0.001014
便	1	0.000423	0.001014
#	1	0.000423	0.001014
バスケットボール	1	0.000423	0.001014
石井	1	0.000423	0.001014
武蔵	1	0.000423	0.001014
*	1	0.000423	0.000973
最	1	0.000423	0.000973
サービス	1	0.000423	0.000973
前述	1	0.000423	0.000973
カード	1	0.000423	0.000973
機能	1	0.000423	0.000973
西側	1	0.000423	0.000973
区間	1	0.000423	0.000973
傾向	1	0.000423	0.000973
県立	1	0.000423	0.000973
新設	1	0.000423	0.000973
42	1	0.000423	0.000973
制定	1	0.000423	0.000973
輸送	1	0.000423	0.000973
トンネル	1	0.000423	0.000973
向かう	1	0.000423	0.000973
運行	1	0.000423	0.000932
無い	1	0.000423	0.000932
設定	1	0.000423	0.000932
出る	1	0.000423	0.000932
案内	1	0.000423	0.000932
警察	1	0.000423	0.000932
スポーツ	1	0.000423	0.000932
39	1	0.000423	0.000932
47	1	0.000423	0.000932
62	1	0.000423	0.000932
国鉄	1	0.000423	0.000932
被害	1	0.000423	0.000932
唯一	1	0.000423	0.000932
編成	1	0.000423	0.000932
リリース	1	0.000423	0.000932
項	1	0.000423	0.000932
温泉	1	0.000423	0.000932
恋	1	0.000423	0.000932
客	1	0.000423	0.000908
え	1	0.000423	0.000908
合わせ	1	0.000423	0.000908
始まっ	1	0.000423	0.000908
独自	1	0.000423	0.000908
方向	1	0.000423	0.000908
すなわち	1	0.000423	0.000908
最終	1	0.000423	0.000908
一番	1	0.000423	0.000908
減少	1	0.000423	0.000908
市民	1	0.000423	0.000908
1972	1	0.000423	0.000908
1987	1	0.000423	0.000908
向上	1	0.000423	0.000908
自体	1	0.000423	0.000908
シーズン	1	0.000423	0.000908
女子	1	0.000423	0.000908
春	1	0.000423	0.000908
広島	1	0.000423	0.000908
共同	1	0.000423	0.000879
会社	1	0.000423	0.000879
観光	1	0.000423	0.000879
国道	1	0.000423	0.000879
村	1	0.000423	0.000879
よく	1	0.000423	0.000879
テンプレート	1	0.000423	0.000864
通り	1	0.000423	0.000864
／	1	0.000423	0.000864
34	1	0.000423	0.000864
中学校	1	0.000423	0.000864
病院	1	0.000423	0.000864
名称	1	0.000423	0.000864
付近	1	0.000423	0.000864
−	1	0.000423	0.000864
実際	1	0.000423	0.000864
詳細	1	0.000423	0.000864
小	1	0.000423	0.000864
開催	1	0.000423	0.000864
じ	1	0.000423	0.000864
新しい	1	0.000423	0.000846
(	2	0.000845	0.000845
)	2	0.000845	0.000845
非	2	0.000845	0.000845
リンク	2	0.000845	0.000845
その	2	0.000845	0.000845
ない	2	0.000845	0.000845
あっ	2	0.000845	0.000845
カテゴリ	2	0.000845	0.000845
小学校	1	0.000423	0.000827
1994	1	0.000423	0.000827
影響	1	0.000423	0.000827
変更	1	0.000423	0.000827
東	1	0.000423	0.000827
含ま	1	0.000423	0.000805
営業	1	0.000423	0.000805
多	1	0.000423	0.000805
ただし	1	0.000423	0.000805
書	1	0.000423	0.000805
為	1	0.000423	0.000805
用い	1	0.000423	0.000780
ください	1	0.000423	0.000780
位置	1	0.000423	0.000780
西	1	0.000423	0.000780
持つ	1	0.000423	0.000780
構成	1	0.000423	0.000780
とも	1	0.000423	0.000780
台	1	0.000423	0.000780
さらに	1	0.000423	0.000780
高等	1	0.000423	0.000780
側	1	0.000423	0.000780
ウィキメディア・コモンズ	1	0.000423	0.000780
所在地	1	0.000423	0.000752
1990	1	0.000423	0.000752
2010	1	0.000423	0.000752
機関	1	0.000423	0.000752
特に	1	0.000423	0.000752
別	1	0.000423	0.000719
でき	1	0.000423	0.000719
または	1	0.000423	0.000719
中心	1	0.000423	0.000719
でも	1	0.000423	0.000719
学校	1	0.000423	0.000719
局	1	0.000423	0.000719
所	1	0.000423	0.000719
26	1	0.000423	0.000719
29	1	0.000423	0.000719
交通	1	0.000423	0.000719
万	1	0.000423	0.000719
PJ	1	0.000423	0.000719
85	1	0.000423	0.000719
89	1	0.000423	0.000678
情報	1	0.000423	0.000678
式	1	0.000423	0.000678
部	1	0.000423	0.000678
行う	1	0.000423	0.000678
必要	1	0.000423	0.000678
年代	1	0.000423	0.000678
90	1	0.000423	0.000678
21	1	0.000423	0.000678
次	1	0.000423	0.000678
当時	1	0.000423	0.000678
一覧	1	0.000423	0.000678
P	1	0.000423	0.000678
き	1	0.000423	0.000625
等	1	0.000423	0.000625
14	1	0.000423	0.000625
それ	1	0.000423	0.000625
数	1	0.000423	0.000625
2007	1	0.000423	0.000625
場合	1	0.000423	0.000625
15	1	0.000423	0.000625
性	1	0.000423	0.000625
13	1	0.000423	0.000625
なく	1	0.000423	0.000625
見	1	0.000423	0.000625
書き	1	0.000423	0.000625
加筆	1	0.000423	0.000625
訂正	1	0.000423	0.000625
下さる	1	0.000423	0.000625
か	1	0.000423	0.000625
よう	1	0.000423	0.000550
前	1	0.000423	0.000550
20	1	0.000423	0.000550
11	1	0.000423	0.000550
による	1	0.000423	0.000550
られる	1	0.000423	0.000550
かけ	1	0.000423	0.000550
です	1	0.000423	0.000550
協力	1	0.000423	0.000550
求め	1	0.000423	0.000550
出典	1	0.000423	0.000423
フリー	1	0.000423	0.000423
百科	1	0.000423	0.000423
事典	1	0.000423	0.000423
『	1	0.000423	0.000423
ウィキペディア	1	0.000423	0.000423
Wikipedia	1	0.000423	0.000423
』	1	0.000423	0.000423
移動	1	0.000423	0.000423
ナビゲーション	1	0.000423	0.000423
検索	1	0.000423	0.000423
目次	1	0.000423	0.000423
れる	1	0.000423	0.000423
http	1	0.000423	0.000423
://	1	0.000423	0.000423
ja	1	0.000423	0.000423
wikipedia	1	0.000423	0.000423
org	1	0.000423	0.000423
wiki	1	0.000423	0.000423
/%	1	0.000423	0.000423
B	1	0.000423	0.000423
83	1	0.000423	0.000423
作成	1	0.000423	0.000423
