島崎	28	0.040000
音楽	24	0.034286
し	20	0.028571
明治	18	0.025714
オルガン	11	0.015714
さ	11	0.015714
昭和	10	0.014286
4	9	0.012857
東京	9	0.012857
赤	8	0.011429
太郎	8	0.011429
学校	8	0.011429
唱歌	8	0.011429
月	7	0.010000
E	7	0.010000
8	6	0.008571
文部省	6	0.008571
日本	6	0.008571
ある	6	0.008571
共益	5	0.007143
商社	5	0.007143
尋常	5	0.007143
小学	5	0.007143
5	5	0.007143
する	5	0.007143
田村	5	0.007143
ペリ	5	0.007143
9	4	0.005714
2	4	0.005714
3	4	0.005714
委員	4	0.005714
田辺	4	0.005714
B	4	0.005714
1	3	0.004286
伝記	3	0.004286
文献	3	0.004286
二	3	0.004286
6	3	0.004286
秋	3	0.004286
協会	3	0.004286
譜	3	0.004286
教会	3	0.004286
人物	3	0.004286
福井	3	0.004286
虎	3	0.004286
なかっ	3	0.004286
ノエル	3	0.004286
文化	3	0.004286
尚雄	3	0.004286
よれ	3	0.004286
考	3	0.004286
7	2	0.002857
1933	2	0.002857
略歴	2	0.002857
父親	2	0.002857
ルドルフ・ディットリヒ	2	0.002857
元	2	0.002857
母校	2	0.002857
教	2	0.002857
なり	2	0.002857
ライプツィヒ	2	0.002857
瀧	2	0.002857
廉太郎	2	0.002857
教授	2	0.002857
白井	2	0.002857
理論	2	0.002857
教え	2	0.002857
教則	2	0.002857
公式	2	0.002857
教科書	2	0.002857
キリスト	2	0.002857
なっ	2	0.002857
人形	2	0.002857
中期	2	0.002857
教師	2	0.002857
重要	2	0.002857
岡野	2	0.002857
貞一	2	0.002857
中田	2	0.002857
章	2	0.002857
直	2	0.002857
形	2	0.002857
受け	2	0.002857
楽譜	2	0.002857
三	2	0.002857
大正	2	0.002857
吉丸	2	0.002857
一昌	2	0.002857
知ら	2	0.002857
風評	2	0.002857
物語	2	0.002857
可能	2	0.002857
歴史	2	0.002857
事件	2	0.002857
赤井	2	0.002857
励	2	0.002857
中村	2	0.002857
理平	2	0.002857
ノエル・ペリ	2	0.002857
カトリック	2	0.002857
1934	2	0.002857
国際	2	0.002857
資料	2	0.002857
北村	2	0.002857
遠藤	2	0.002857
宏	2	0.002857
両論	2	0.002857
必要	2	0.002857
史料	2	0.002857
ISBN	2	0.002857
A	2	0.002857
出典	1	0.001429
フリー	1	0.001429
百科	1	0.001429
事典	1	0.001429
ウィキペディア	1	0.001429
Wikipedia	1	0.001429
ナビゲーション	1	0.001429
しま	1	0.001429
ざき	1	0.001429
あか	1	0.001429
1874	1	0.001429
13	1	0.001429
奏者	1	0.001429
目次	1	0.001429
築地	1	0.001429
入船	1	0.001429
生まれ	1	0.001429
熊	1	0.001429
郎	1	0.001429
大工	1	0.001429
棟梁	1	0.001429
19	1	0.001429
一家	1	0.001429
あげ	1	0.001429
クリスチャン	1	0.001429
なる	1	0.001429
23	1	0.001429
内国	1	0.001429
勧業	1	0.001429
藝	1	0.001429
大学	1	0.001429
小山	1	0.001429
作之助	1	0.001429
学び	1	0.001429
1893	1	0.001429
26	1	0.001429
1901	1	0.001429
34	1	0.001429
昭憲皇太后	1	0.001429
御前	1	0.001429
行っ	1	0.001429
1902	1	0.001429
35	1	0.001429
留学生	1	0.001429
ドイツ	1	0.001429
王立	1	0.001429
夏	1	0.001429
アルトゥール・ニキシュ	1	0.001429
校長	1	0.001429
時代	1	0.001429
パウル・ホーマイエル	1	0.001429
学ぶ	1	0.001429
1906	1	0.001429
39	1	0.001429
もと	1	0.001429
視学	1	0.001429
務め	1	0.001429
主任	1	0.001429
中学	1	0.001429
1899	1	0.001429
32	1	0.001429
年初	1	0.001429
本	1	0.001429
1936	1	0.001429
11	1	0.001429
146	1	0.001429
重鎮	1	0.001429
大正天皇	1	0.001429
大礼	1	0.001429
数多く	1	0.001429
1930	1	0.001429
葬儀	1	0.001429
15	1	0.001429
芝	1	0.001429
愛宕	1	0.001429
行わ	1	0.001429
西南学院大学	1	0.001429
立教大学	1	0.001429
校歌	1	0.001429
摂政	1	0.001429
皇太子	1	0.001429
天皇	1	0.001429
御製	1	0.001429
曲	1	0.001429
つけ	1	0.001429
最上川	1	0.001429
山形	1	0.001429
県民	1	0.001429
フーガ	1	0.001429
書い	1	0.001429
1927	1	0.001429
日	1	0.001429
米	1	0.001429
送る	1	0.001429
歌	1	0.001429
浄土真宗	1	0.001429
真宗	1	0.001429
宗	1	0.001429
歌わ	1	0.001429
著書	1	0.001429
辞典	1	0.001429
楽典	1	0.001429
ザーロモン・ヤーダスゾーン	1	0.001429
訳書	1	0.001429
数	1	0.001429
遺族	1	0.001429
とっ	1	0.001429
もっ	1	0.001429
珍しい	1	0.001429
音楽家	1	0.001429
初期	1	0.001429
専門	1	0.001429
永井	1	0.001429
幸次	1	0.001429
信	1	0.001429
潔	1	0.001429
井上	1	0.001429
武士	1	0.001429
民間	1	0.001429
残っ	1	0.001429
早春	1	0.001429
序文	1	0.001429
綿密	1	0.001429
あっ	1	0.001429
歌詞	1	0.001429
上記	1	0.001429
多い	1	0.001429
明確	1	0.001429
実名	1	0.001429
1917	1	0.001429
ルーマニア	1	0.001429
王冠	1	0.001429
四	1	0.001429
勲章	1	0.001429
1928	1	0.001429
勲	1	0.001429
瑞宝章	1	0.001429
正確	1	0.001429
派閥	1	0.001429
当事者	1	0.001429
誤っ	1	0.001429
多かっ	1	0.001429
内容	1	0.001429
示す	1	0.001429
1904	1	0.001429
37	1	0.001429
外国	1	0.001429
基づく	1	0.001429
俗説	1	0.001429
史家	1	0.001429
間	1	0.001429
広まっ	1	0.001429
功労	1	0.001429
自体	1	0.001429
起こっ	1	0.001429
出来事	1	0.001429
合わ	1	0.001429
名簿	1	0.001429
官報	1	0.001429
邪魔	1	0.001429
博士	1	0.001429
間違っ	1	0.001429
友	1	0.001429
夫人	1	0.001429
実家	1	0.001429
でき	1	0.001429
離れ	1	0.001429
主要	1	0.001429
収入	1	0.001429
一つ	1	0.001429
同僚	1	0.001429
直弟子	1	0.001429
草川	1	0.001429
宣雄	1	0.001429
書き残し	1	0.001429
先生	1	0.001429
使っ	1	0.001429
金	1	0.001429
永	1	0.001429
鍵	1	0.001429
軋轢	1	0.001429
1941	1	0.001429
具体	1	0.001429
未成年	1	0.001429
20	1	0.001429
被害	1	0.001429
書	1	0.001429
信濃	1	0.001429
国	1	0.001429
季	1	0.001429
晴	1	0.001429
伝	1	0.001429
停学	1	0.001429
つい	1	0.001429
強く	1	0.001429
有識者	1	0.001429
事前	1	0.001429
故人	1	0.001429
没	1	0.001429
現代	1	0.001429
精密	1	0.001429
一般	1	0.001429
傾向	1	0.001429
動乱	1	0.001429
書物	1	0.001429
安易	1	0.001429
相互	1	0.001429
慎重	1	0.001429
業績	1	0.001429
不確か	1	0.001429
せ	1	0.001429
新た	1	0.001429
普遍	1	0.001429
新しい	1	0.001429
望ましい	1	0.001429
立場	1	0.001429
本文	1	0.001429
青	1	0.001429
弓	1	0.001429
1995	1	0.001429
7872	1	0.001429
7216	1	0.001429
0	1	0.001429
本邦	1	0.001429
小松	1	0.001429
耕	1	0.001429
輔	1	0.001429
花	1	0.001429
ひらく	1	0.001429
1952	1	0.001429
音楽之友社	1	0.001429
洋楽	1	0.001429
大空	1	0.001429
1996	1	0.001429
7568	1	0.001429
0236	1	0.001429
C	1	0.001429
3073	1	0.001429
http	1	0.001429
ja	1	0.001429
wikipedia	1	0.001429
org	1	0.001429
wiki	1	0.001429
AA	1	0.001429
83	1	0.001429
カテゴリ	1	0.001429
オルガニスト	1	0.001429
東京芸術大学	1	0.001429
教員	1	0.001429
出身	1	0.001429
在外	1	0.001429
日本人	1	0.001429
