漫画	19	0.048469
月	12	0.030612
1	8	0.020408
ISBN	8	0.020408
獣	6	0.015306
文書	6	0.015306
作品	6	0.015306
5	6	0.015306
3	6	0.015306
6	6	0.015306
8	6	0.015306
ドラマ	5	0.012755
CD	5	0.012755
2	5	0.012755
4	5	0.012755
7	5	0.012755
E	5	0.012755
原	4	0.010204
まき	4	0.010204
9	4	0.010204
日本	3	0.007653
原作	3	0.007653
雑誌	3	0.007653
新書	3	0.007653
ゼーン	3	0.007653
30	3	0.007653
B	3	0.007653
健一	3	0.007653
項目	3	0.007653
カテゴリ	2	0.005102
サウス	2	0.005102
月刊	2	0.005102
ウィングス	2	0.005102
さ	2	0.005102
人物	2	0.005102
書籍	2	0.005102
キャスト	2	0.005102
レイ・ジーンセイバーヘーゲン	2	0.005102
村上	2	0.005102
静馬	2	0.005102
し	2	0.005102
アルビレオ	2	0.005102
友	2	0.005102
能	2	0.005102
チェリー	2	0.005102
11	2	0.005102
1997	2	0.005102
2001	2	0.005102
10	2	0.005102
WIN	2	0.005102
アニメイトフィルム	2	0.005102
テーマ	2	0.005102
Vo	2	0.005102
山寺	2	0.005102
宏一	2	0.005102
プロローグ	2	0.005102
エピローグ	2	0.005102
中原	2	0.005102
茂	2	0.005102
浅丘	2	0.005102
夏未	2	0.005102
南央	2	0.005102
ヴァージニア	2	0.005102
張	2	0.005102
春生	2	0.005102
医師	2	0.005102
大川	2	0.005102
透	2	0.005102
部下	2	0.005102
A	2	0.005102
望月	2	0.005102
杉田	2	0.005102
智和	2	0.005102
PJ	2	0.005102
出典	1	0.002551
フリー	1	0.002551
百科	1	0.002551
事典	1	0.002551
ウィキペディア	1	0.002551
Wikipedia	1	0.002551
ナビゲーション	1	0.002551
ウィキポータル	1	0.002551
プロジェクト	1	0.002551
・	1	0.002551
歴	1	0.002551
ゲンジユウブンシヨ	1	0.002551
なる	1	0.002551
しま	1	0.002551
ゆり	1	0.002551
1995	1	0.002551
ハックルベリー	1	0.002551
目次	1	0.002551
むら	1	0.002551
かみ	1	0.002551
1996	1	0.002551
20	1	0.002551
4403614361	1	0.002551
14	1	0.002551
4403614639	1	0.002551
1998	1	0.002551
29	1	0.002551
4403615082	1	0.002551
1999	1	0.002551
4403615376	1	0.002551
2000	1	0.002551
4403615961	1	0.002551
12	1	0.002551
4403616585	1	0.002551
2003	1	0.002551
4403617301	1	0.002551
2005	1	0.002551
4403618006	1	0.002551
25	1	0.002551
0001	1	0.002551
始まっ	1	0.002551
OP	1	0.002551
始まり	1	0.002551
石	1	0.002551
魔神	1	0.002551
ゆれる	1	0.002551
想い	1	0.002551
婚	1	0.002551
ED	1	0.002551
II	1	0.002551
31	1	0.002551
0010	1	0.002551
話そ	1	0.002551
巫	1	0.002551
サバイバル	1	0.002551
レイ	1	0.002551
基地	1	0.002551
順	1	0.002551
博士	1	0.002551
三木	1	0.002551
眞一郎	1	0.002551
子供	1	0.002551
時代	1	0.002551
森川	1	0.002551
智之	1	0.002551
緒方	1	0.002551
恵美	1	0.002551
浅川	1	0.002551
悠	1	0.002551
今井	1	0.002551
由香	1	0.002551
魔	1	0.002551
緑川	1	0.002551
光	1	0.002551
森久保	1	0.002551
祥	1	0.002551
太郎	1	0.002551
折笠	1	0.002551
愛	1	0.002551
石井	1	0.002551
康嗣	1	0.002551
イワン	1	0.002551
ロストフ	1	0.002551
室園	1	0.002551
丈	1	0.002551
裕	1	0.002551
カレッセオ	1	0.002551
津野田	1	0.002551
なるみ	1	0.002551
ティトオ	1	0.002551
根	1	0.002551
谷	1	0.002551
美智子	1	0.002551
園部	1	0.002551
啓一	1	0.002551
飛田	1	0.002551
男	1	0.002551
ガ	1	0.002551
G	1	0.002551
ジョーンズ	1	0.002551
隊長	1	0.002551
うすい	1	0.002551
ハインツ	1	0.002551
細井	1	0.002551
治	1	0.002551
大陸	1	0.002551
太田	1	0.002551
正道	1	0.002551
小林	1	0.002551
由美子	1	0.002551
カナーン	1	0.002551
岩田	1	0.002551
光央	1	0.002551
クリストファー	1	0.002551
ディーツ	1	0.002551
鈴村	1	0.002551
ガレス	1	0.002551
嶝高	1	0.002551
キュー	1	0.002551
飯田	1	0.002551
利信	1	0.002551
サヴァルク	1	0.002551
ケイ	1	0.002551
海賊	1	0.002551
山田	1	0.002551
真一	1	0.002551
書き	1	0.002551
求め	1	0.002551
P	1	0.002551
Manga	1	0.002551
artist	1	0.002551
stub	1	0.002551
貼り	1	0.002551
付け	1	0.002551
http	1	0.002551
ja	1	0.002551
wikipedia	1	0.002551
org	1	0.002551
wiki	1	0.002551
F	1	0.002551
D	1	0.002551
96	1	0.002551
87	1	0.002551
ファンタジー	1	0.002551
