タイプ	40	0.058224
アセトアルデヒド	20	0.029112
1	18	0.026201
アルコール	18	0.026201
酵素	16	0.023290
2	15	0.021834
3	14	0.020378
酒	13	0.018923
E	13	0.018923
し	12	0.017467
さ	12	0.017467
水素	11	0.016012
A	11	0.016012
遺伝子	10	0.014556
ALDH	10	0.014556
GG	9	0.013100
AG	9	0.013100
B	7	0.010189
する	6	0.008734
なる	6	0.008734
弱い	6	0.008734
強い	6	0.008734
体内	5	0.007278
AA	5	0.007278
毒性	5	0.007278
人	5	0.007278
83	5	0.007278
5	4	0.005822
酢酸	4	0.005822
CH	4	0.005822
CoA	4	0.005822
4	4	0.005822
能力	4	0.005822
活性	4	0.005822
飲め	4	0.005822
リスク	4	0.005822
EC	3	0.004367
10	3	0.004367
生じる	3	0.004367
NAD	3	0.004367
NADH	3	0.004367
多	3	0.004367
体質	3	0.004367
各種	3	0.004367
疾患	3	0.004367
ADH	3	0.004367
7	3	0.004367
82	3	0.004367
0	3	0.004367
番号	2	0.002911
IntEnz	2	0.002911
view	2	0.002911
BRENDA	2	0.002911
entry	2	0.002911
KEGG	2	0.002911
PDB	2	0.002911
articles	2	0.002911
エチルアルコール	2	0.002911
肝臓	2	0.002911
式	2	0.002911
CHO	2	0.002911
H	2	0.002911
ニコチンアミドアデニンジヌクレオチド	2	0.002911
acetyl	2	0.002911
脚注	2	0.002911
外部	2	0.002911
項目	2	0.002911
型	2	0.002911
アミノ酸	2	0.002911
グアニン	2	0.002911
G	2	0.002911
アデニン	2	0.002911
なっ	2	0.002911
16	2	0.002911
受け	2	0.002911
白人	2	0.002911
黒人	2	0.002911
原田	2	0.002911
勝二	2	0.002911
NN	2	0.002911
脳	2	0.002911
酔い	2	0.002911
社会	2	0.002911
高い	2	0.002911
考え	2	0.002911
量	2	0.002911
がん	2	0.002911
知ら	2	0.002911
6	2	0.002911
いわ	2	0.002911
組み合わせ	2	0.002911
a	2	0.002911
and	2	0.002911
出典	1	0.001456
フリー	1	0.001456
百科	1	0.001456
事典	1	0.001456
ウィキペディア	1	0.001456
Wikipedia	1	0.001456
ナビゲーション	1	0.001456
Pseudomonas	1	0.001456
sp	1	0.001456
構造	1	0.001456
識別子	1	0.001456
CAS	1	0.001456
9028	1	0.001456
91	1	0.001456
ExPASy	1	0.001456
NiceZyme	1	0.001456
MetaCyc	1	0.001456
metabolic	1	0.001456
pathway	1	0.001456
PRIAM	1	0.001456
profile	1	0.001456
structures	1	0.001456
オントロジー	1	0.001456
AmiGO	1	0.001456
EGO	1	0.001456
PMC	1	0.001456
PubMed	1	0.001456
うそ	1	0.001456
アセトアルデヒドデヒドロゲナーゼ	1	0.001456
アルデヒド	1	0.001456
一種	1	0.001456
入っ	1	0.001456
胃	1	0.001456
小腸	1	0.001456
OH	1	0.001456
アセチル	1	0.001456
物質	1	0.001456
二酸化炭素	1	0.001456
水	1	0.001456
最終	1	0.001456
体外	1	0.001456
目次	1	0.001456
517	1	0.001456
たんぱく質	1	0.001456
487	1	0.001456
決める	1	0.001456
塩基	1	0.001456
分かれる	1	0.001456
持っ	1	0.001456
両方	1	0.001456
ホモ	1	0.001456
片方	1	0.001456
他方	1	0.001456
ヘテロ	1	0.001456
なく	1	0.001456
いたっ	1	0.001456
失っ	1	0.001456
４	1	0.001456
優性	1	0.001456
無力	1	0.001456
起こっ	1	0.001456
強く	1	0.001456
悪酔い	1	0.001456
二日酔い	1	0.001456
原因	1	0.001456
長く	1	0.001456
留まる	1	0.001456
一般	1	0.001456
言う	1	0.001456
生まれつき	1	0.001456
人種	1	0.001456
異なり	1	0.001456
モンゴロイド	1	0.001456
45	1	0.001456
認め	1	0.001456
コーカソイド	1	0.001456
ネグロイド	1	0.001456
オーストラロイド	1	0.001456
オーストラリア	1	0.001456
原住民	1	0.001456
筑波大学	1	0.001456
作る	1	0.001456
強	1	0.001456
異なる	1	0.001456
都道府県	1	0.001456
5255	1	0.001456
対象	1	0.001456
持つ	1	0.001456
割合	1	0.001456
順位	1	0.001456
づけ	1	0.001456
中部	1	0.001456
近畿	1	0.001456
北陸	1	0.001456
少なく	1	0.001456
東西	1	0.001456
向かう	1	0.001456
九州	1	0.001456
東北	1	0.001456
多く	1	0.001456
傾向	1	0.001456
あっ	1	0.001456
秋田	1	0.001456
最多	1	0.001456
77	1	0.001456
鹿児島	1	0.001456
岩手	1	0.001456
71	1	0.001456
続き	1	0.001456
最小	1	0.001456
三重	1	0.001456
40	1	0.001456
少ない	1	0.001456
愛知	1	0.001456
41	1	0.001456
思わ	1	0.001456
速やか	1	0.001456
できる	1	0.001456
濃度	1	0.001456
応じ	1	0.001456
変わり	1	0.001456
ある	1	0.001456
ない	1	0.001456
無い	1	0.001456
６	1	0.001456
言わ	1	0.001456
日本	1	0.001456
患者	1	0.001456
９	1	0.001456
欧米	1	0.001456
深刻	1	0.001456
なり	1	0.001456
伴う	1	0.001456
易い	1	0.001456
疫学	1	0.001456
咽頭	1	0.001456
大腸	1	0.001456
習慣	1	0.001456
ガン	1	0.001456
１	1	0.001456
可能	1	0.001456
低い	1	0.001456
短期間	1	0.001456
下戸	1	0.001456
アルコールデヒドロゲナーゼ	1	0.001456
確率	1	0.001456
変わっ	1	0.001456
分かっ	1	0.001456
最悪	1	0.001456
日本人	1	0.001456
NVM	1	0.001456
Manjasetty	1	0.001456
BA	1	0.001456
Powlowski	1	0.001456
J	1	0.001456
Vrielink	1	0.001456
2003	1	0.001456
June	1	0.001456
Crystal	1	0.001456
structure	1	0.001456
of	1	0.001456
bifunctional	1	0.001456
aldolase	1	0.001456
dehydrogenase	1	0.001456
sequestering	1	0.001456
reactive	1	0.001456
volatile	1	0.001456
intermediate	1	0.001456
Proc	1	0.001456
Natl	1	0.001456
Acad	1	0.001456
Sci	1	0.001456
U	1	0.001456
S	1	0.001456
100	1	0.001456
12	1	0.001456
6992	1	0.001456
DOI	1	0.001456
1073	1	0.001456
pnas	1	0.001456
1236794100	1	0.001456
PMID	1	0.001456
12764229	1	0.001456
教える	1	0.001456
Seeking	1	0.001456
the	1	0.001456
Connections	1	0.001456
Alcoholism	1	0.001456
Our	1	0.001456
Genes	1	0.001456
SCIENTIFIC	1	0.001456
AMERICAN	1	0.001456
April	1	0.001456
2007	1	0.001456
発癌	1	0.001456
国立	1	0.001456
病院	1	0.001456
機構	1	0.001456
久里浜	1	0.001456
センター	1	0.001456
二	1	0.001456
http	1	0.001456
ja	1	0.001456
wikipedia	1	0.001456
org	1	0.001456
wiki	1	0.001456
BB	1	0.001456
88	1	0.001456
AB	1	0.001456
87	1	0.001456
92	1	0.001456
89	1	0.001456
8	1	0.001456
84	1	0.001456
9	1	0.001456
85	1	0.001456
カテゴリ	1	0.001456
