松川	11	0.031073
鉄道	9	0.025424
1	8	0.022599
駅	8	0.022599
信濃松川	7	0.019774
2	7	0.019774
安曇	7	0.019774
6	6	0.016949
月	5	0.014124
東日本旅客鉄道	5	0.014124
大糸線	5	0.014124
松本	5	0.014124
E	5	0.014124
4	4	0.011299
バス	4	0.011299
7	4	0.011299
9	4	0.011299
駅舎	3	0.008475
2008	3	0.008475
km	3	0.008475
沓掛	3	0.008475
長野	3	0.008475
10	3	0.008475
JR	3	0.008475
東日本	3	0.008475
路線	3	0.008475
構造	3	0.008475
ホーム	3	0.008475
業務	3	0.008475
池田	3	0.008475
ある	3	0.008475
なる	3	0.008475
南小谷	3	0.008475
野	3	0.008475
北	3	0.008475
信濃	3	0.008475
昭和	3	0.008475
日本	3	0.008475
8	2	0.005650
17	2	0.005650
まつ	2	0.005650
北細野	2	0.005650
北安曇	2	0.005650
赤芝	2	0.005650
地上	2	0.005650
人員	2	0.005650
612	2	0.005650
みどり	2	0.005650
窓口	2	0.005650
1937	2	0.005650
表	2	0.005650
し	2	0.005650
状況	2	0.005650
周辺	2	0.005650
5	2	0.005650
歴史	2	0.005650
隣	2	0.005650
項目	2	0.005650
外部	2	0.005650
あり	2	0.005650
穂高	2	0.005650
豊科	2	0.005650
方面	2	0.005650
信濃大町	2	0.005650
白馬	2	0.005650
セピア	2	0.005650
有明	2	0.005650
貨物	2	0.005650
取扱	2	0.005650
国有	2	0.005650
国鉄	2	0.005650
細野	2	0.005650
BF	2	0.005650
A	2	0.005650
D	2	0.005650
出典	1	0.002825
フリー	1	0.002825
百科	1	0.002825
事典	1	0.002825
ウィキペディア	1	0.002825
Wikipedia	1	0.002825
ナビゲーション	1	0.002825
Shinano	1	0.002825
Matsukawa	1	0.002825
7025	1	0.002825
事業	1	0.002825
キロ	1	0.002825
26	1	0.002825
0	1	0.002825
起点	1	0.002825
電報	1	0.002825
略号	1	0.002825
マツ	1	0.002825
年度	1	0.002825
客	1	0.002825
含ま	1	0.002825
備考	1	0.002825
標高	1	0.002825
613	1	0.002825
m	1	0.002825
テンプレート	1	0.002825
用い	1	0.002825
Template	1	0.002825
情報	1	0.002825
ください	1	0.002825
目次	1	0.002825
3	1	0.002825
持つ	1	0.002825
エンタープライズ	1	0.002825
行う	1	0.002825
夜間	1	0.002825
無人	1	0.002825
20	1	0.002825
自動	1	0.002825
券売	1	0.002825
構内	1	0.002825
踏切	1	0.002825
待合室	1	0.002825
のり	1	0.002825
・	1	0.002825
タクシー	1	0.002825
待ち合い	1	0.002825
役場	1	0.002825
郵便	1	0.002825
村立	1	0.002825
小学校	1	0.002825
高瀬川	1	0.002825
国道	1	0.002825
147	1	0.002825
ちひろ	1	0.002825
美術館	1	0.002825
町営	1	0.002825
出入口	1	0.002825
病院	1	0.002825
南	1	0.002825
保育園	1	0.002825
入口	1	0.002825
五	1	0.002825
正	1	0.002825
北方	1	0.002825
福祉	1	0.002825
乗り入れ	1	0.002825
1915	1	0.002825
大正	1	0.002825
29	1	0.002825
旅客	1	0.002825
12	1	0.002825
1982	1	0.002825
57	1	0.002825
31	1	0.002825
1987	1	0.002825
62	1	0.002825
民営	1	0.002825
隠す	1	0.002825
島内	1	0.002825
高松	1	0.002825
梓橋	1	0.002825
一	1	0.002825
市場	1	0.002825
萱	1	0.002825
南豊科	1	0.002825
柏矢町	1	0.002825
安曇追分	1	0.002825
信濃常盤	1	0.002825
南大町	1	0.002825
北大町	1	0.002825
信濃木崎	1	0.002825
稲尾	1	0.002825
海ノ口	1	0.002825
簗場	1	0.002825
臨	1	0.002825
ヤナバスキー	1	0.002825
南神城	1	0.002825
神城	1	0.002825
飯森	1	0.002825
信濃森上	1	0.002825
白馬大池	1	0.002825
千	1	0.002825
http	1	0.002825
ja	1	0.002825
wikipedia	1	0.002825
org	1	0.002825
wiki	1	0.002825
83	1	0.002825
BE	1	0.002825
B	1	0.002825
85	1	0.002825
カテゴリ	1	0.002825
