公園	42	0.089552
上尾	15	0.031983
埼玉	15	0.031983
陸上	15	0.031983
自然	14	0.029851
運動公園	12	0.025586
県立	11	0.023454
2	10	0.021322
し	6	0.012793
さ	6	0.012793
水上	6	0.012793
緑	6	0.012793
E	6	0.012793
3	5	0.010661
5	5	0.010661
国体	5	0.010661
エリア	5	0.010661
スポーツ	4	0.008529
1	4	0.008529
4	4	0.008529
清新	4	0.008529
さいたま	4	0.008529
B	4	0.008529
8	4	0.008529
体育館	3	0.006397
大会	3	0.006397
m	3	0.006397
森	3	0.006397
さき	3	0.006397
愛宕	2	0.004264
概要	2	0.004264
ジョギング	2	0.004264
コース	2	0.004264
児童	2	0.004264
遊園	2	0.004264
外部	2	0.004264
試験場	2	0.004264
国民	2	0.004264
体育	2	0.004264
1966	2	0.004264
国道	2	0.004264
あり	2	0.004264
メイン	2	0.004264
スタンド	2	0.004264
でき	2	0.004264
球技	2	0.004264
彩	2	0.004264
熊谷	2	0.004264
文化	2	0.004264
800	2	0.004264
バス	2	0.004264
大分	2	0.004264
福井	2	0.004264
県営	2	0.004264
動物	2	0.004264
狭山	2	0.004264
たま	2	0.004264
秩父	2	0.004264
武	2	0.004264
県民	2	0.004264
項目	2	0.004264
9	2	0.004264
関東	2	0.004264
地方	2	0.004264
出典	1	0.002132
フリー	1	0.002132
百科	1	0.002132
事典	1	0.002132
ウィキペディア	1	0.002132
Wikipedia	1	0.002132
ナビゲーション	1	0.002132
あげ	1	0.002132
こうえん	1	0.002132
所在	1	0.002132
する	1	0.002132
含め	1	0.002132
目次	1	0.002132
場所	1	0.002132
農業	1	0.002132
農林	1	0.002132
センター	1	0.002132
加え	1	0.002132
1967	1	0.002132
合わせ	1	0.002132
17	1	0.002132
挟ん	1	0.002132
プール	1	0.002132
備え	1	0.002132
1971	1	0.002132
ある	1	0.002132
情報	1	0.002132
所在地	1	0.002132
28	1	0.002132
30	1	0.002132
事務所	1	0.002132
なし	1	0.002132
チーム	1	0.002132
能力	1	0.002132
40	1	0.002132
100	1	0.002132
下記	1	0.002132
正式	1	0.002132
名称	1	0.002132
日本	1	0.002132
連盟	1	0.002132
なっ	1	0.002132
鉄筋コンクリート	1	0.002132
土盛り	1	0.002132
フィールド	1	0.002132
砲丸投げ	1	0.002132
走り幅跳び	1	0.002132
サッカー	1	0.002132
ラグビー	1	0.002132
炬火	1	0.002132
モットー	1	0.002132
健康	1	0.002132
柱	1	0.002132
2004	1	0.002132
国	1	0.002132
会場	1	0.002132
2007	1	0.002132
耐震	1	0.002132
行なわ	1	0.002132
人数	1	0.002132
500	1	0.002132
54	1	0.002132
mX	1	0.002132
39	1	0.002132
アリーナ	1	0.002132
持ち	1	0.002132
室内	1	0.002132
可能	1	0.002132
足腰	1	0.002132
抑える	1	0.002132
ウレタン	1	0.002132
チップ	1	0.002132
埋め込ま	1	0.002132
400	1	0.002132
6	1	0.002132
トラック	1	0.002132
有し	1	0.002132
面積	1	0.002132
滑り台	1	0.002132
ブランコ	1	0.002132
遊具	1	0.002132
備える	1	0.002132
JR	1	0.002132
高崎	1	0.002132
徒歩	1	0.002132
20	1	0.002132
東武	1	0.002132
ウエスト	1	0.002132
バス停	1	0.002132
公式	1	0.002132
HP	1	0.002132
先代	1	0.002132
市営	1	0.002132
次代	1	0.002132
隠す	1	0.002132
・	1	0.002132
歴	1	0.002132
こども	1	0.002132
水族館	1	0.002132
都市	1	0.002132
中央	1	0.002132
秋	1	0.002132
ヶ	1	0.002132
瀬	1	0.002132
大宮公園	1	0.002132
北浦和	1	0.002132
北本	1	0.002132
スタジアム	1	0.002132
2002	1	0.002132
戸田公園	1	0.002132
西部	1	0.002132
入間	1	0.002132
稲荷山公園	1	0.002132
所沢	1	0.002132
航空	1	0.002132
吉見	1	0.002132
和光	1	0.002132
樹林	1	0.002132
東部	1	0.002132
久喜	1	0.002132
菖蒲	1	0.002132
古墳	1	0.002132
羽生	1	0.002132
水郷	1	0.002132
み	1	0.002132
吉川	1	0.002132
権現堂	1	0.002132
つぶし	1	0.002132
丘	1	0.002132
北部	1	0.002132
荒川	1	0.002132
大麻生	1	0.002132
秩父ミューズパーク	1	0.002132
しら	1	0.002132
川越	1	0.002132
加須	1	0.002132
はな	1	0.002132
森林公園	1	0.002132
新座	1	0.002132
花	1	0.002132
里	1	0.002132
奥	1	0.002132
武蔵	1	0.002132
黒山	1	0.002132
長瀞	1	0.002132
玉淀	1	0.002132
比企	1	0.002132
丘陵	1	0.002132
武甲	1	0.002132
安行	1	0.002132
南	1	0.002132
両神	1	0.002132
西	1	0.002132
書き	1	0.002132
求め	1	0.002132
P	1	0.002132
PJ	1	0.002132
http	1	0.002132
ja	1	0.002132
wikipedia	1	0.002132
org	1	0.002132
wiki	1	0.002132
A	1	0.002132
0	1	0.002132
BE	1	0.002132
81	1	0.002132
95	1	0.002132
85	1	0.002132
AC	1	0.002132
C	1	0.002132
92	1	0.002132
カテゴリ	1	0.002132
