科学	19	0.064846
日本	8	0.027304
みすず書房	7	0.023891
物理	6	0.020478
1	4	0.013652
近代	4	0.013652
歴史	4	0.013652
広重	3	0.010239
徹	3	0.010239
1975	3	0.010239
自然	3	0.010239
学者	3	0.010239
原子	3	0.010239
文庫	3	0.010239
1960	3	0.010239
1973	3	0.010239
2	3	0.010239
商工	3	0.010239
E	3	0.010239
1928	2	0.006826
8	2	0.006826
月	2	0.006826
史家	2	0.006826
出身	2	0.006826
神戸	2	0.006826
現代	2	0.006826
社会	2	0.006826
中央公論社	2	0.006826
1965	2	0.006826
1968	2	0.006826
選書	2	0.006826
共著	2	0.006826
技術	2	0.006826
書房	2	0.006826
1971	2	0.006826
量子力学	2	0.006826
恒藤	2	0.006826
敏彦	2	0.006826
1957	2	0.006826
ラン	2	0.006826
ダウ	2	0.006826
リフシッツ	2	0.006826
鳥居	2	0.006826
一雄	2	0.006826
東京	2	0.006826
図書	2	0.006826
1963	2	0.006826
項目	2	0.006826
人物	2	0.006826
5	2	0.006826
9	2	0.006826
出典	1	0.003413
フリー	1	0.003413
百科	1	0.003413
事典	1	0.003413
ウィキペディア	1	0.003413
Wikipedia	1	0.003413
ナビゲーション	1	0.003413
廣	1	0.003413
ひろし	1	0.003413
てつ	1	0.003413
28	1	0.003413
7	1	0.003413
兵庫	1	0.003413
生まれ	1	0.003413
京都大	1	0.003413
学理	1	0.003413
学科	1	0.003413
大学	1	0.003413
理工学部	1	0.003413
教授	1	0.003413
務め	1	0.003413
明治	1	0.003413
業績	1	0.003413
挙げ	1	0.003413
没し	1	0.003413
妻	1	0.003413
植物	1	0.003413
三木	1	0.003413
壽子	1	0.003413
著書	1	0.003413
原子力	1	0.003413
児童	1	0.003413
1958	1	0.003413
過程	1	0.003413
中心	1	0.003413
地	1	0.003413
培風館	1	0.003413
体制	1	0.003413
岩波	1	0.003413
朝日	1	0.003413
1979	1	0.003413
学芸	1	0.003413
史論	1	0.003413
文集	1	0.003413
西尾	1	0.003413
成子	1	0.003413
相対	1	0.003413
1980	1	0.003413
構造	1	0.003413
1981	1	0.003413
編著	1	0.003413
新しい	1	0.003413
福田	1	0.003413
信之	1	0.003413
1961	1	0.003413
資本	1	0.003413
主義	1	0.003413
三	1	0.003413
一	1	0.003413
1962	1	0.003413
すすめ	1	0.003413
筑摩書房	1	0.003413
1970	1	0.003413
転機	1	0.003413
たつ	1	0.003413
成り立ち	1	0.003413
ゆくえ	1	0.003413
竹内	1	0.003413
啓	1	0.003413
中公新書	1	0.003413
思想	1	0.003413
伊東	1	0.003413
俊太郎	1	0.003413
村上	1	0.003413
陽一郎	1	0.003413
木鐸	1	0.003413
平凡社	1	0.003413
ライブラリー	1	0.003413
数学	1	0.003413
基礎	1	0.003413
ジョン	1	0.003413
フォン	1	0.003413
ノイ	1	0.003413
マン	1	0.003413
井上	1	0.003413
健	1	0.003413
アインシュタイン	1	0.003413
C	1	0.003413
ゼーリッヒ	1	0.003413
古典	1	0.003413
1959	1	0.003413
力学	1	0.003413
水戸	1	0.003413
巌	1	0.003413
相対性理論	1	0.003413
エリ・ランダウ	1	0.003413
ユ・ルーメル	1	0.003413
ア・ジューコフ	1	0.003413
フォーブス	1	0.003413
デイクステルホイス	1	0.003413
64	1	0.003413
万	1	0.003413
エリ・デ・ランダウ	1	0.003413
ア・イ・キタイゴローツキ	1	0.003413
危険	1	0.003413
アメリカ	1	0.003413
1945	1	0.003413
1947	1	0.003413
A	1	0.003413
K	1	0.003413
スミス	1	0.003413
みすず	1	0.003413
ドルトン	1	0.003413
スコーンランド	1	0.003413
常石	1	0.003413
敬一	1	0.003413
機関	1	0.003413
サジ	1	0.003413
カルノー	1	0.003413
電子	1	0.003413
ロー	1	0.003413
レンツ	1	0.003413
東海大学	1	0.003413
書き	1	0.003413
し	1	0.003413
求め	1	0.003413
WP	1	0.003413
P	1	0.003413
http	1	0.003413
ja	1	0.003413
wikipedia	1	0.003413
org	1	0.003413
wiki	1	0.003413
BA	1	0.003413
83	1	0.003413
87	1	0.003413
D	1	0.003413
BE	1	0.003413
B	1	0.003413
カテゴリ	1	0.003413
哲学	1	0.003413
