TRUE	27	0.023176
DREAMS	24	0.020601
COME	24	0.020601
SONG	22	0.018884
WINTER	21	0.018026
月	21	0.018026
1	19	0.016309
吉田	19	0.016309
美和	19	0.016309
シングル	18	0.015451
2	18	0.015451
LOVE	16	0.013734
中村	15	0.012876
正人	15	0.012876
さ	14	0.012017
し	13	0.011159
1994	12	0.010300
1998	12	0.010300
3	11	0.009442
アルバム	10	0.008584
7	9	0.007725
MIKE	9	0.007725
PELA	9	0.007725
作品	9	0.007725
SWEET	8	0.006867
B	7	0.006009
12	7	0.006009
クリスマス	7	0.006009
YOU	6	0.005150
11	6	0.005150
概要	6	0.005150
4	6	0.005150
Mr	6	0.005150
Children	6	0.005150
ソング	5	0.004292
14	5	0.004292
t	5	0.004292
z	5	0.004292
IT	5	0.004292
S	5	0.004292
10	4	0.003433
エピックレコードジャパン	4	0.003433
最高	4	0.003433
順位	4	0.003433
オリコン	4	0.003433
WHEREVER	4	0.003433
ARE	4	0.003433
26	4	0.003433
ミリオン	4	0.003433
雪	4	0.003433
映画	4	0.003433
5	4	0.003433
24	4	0.003433
ロマンス	4	0.003433
神様	4	0.003433
広瀬	4	0.003433
香美	4	0.003433
ONLY	4	0.003433
福山	4	0.003433
雅治	4	0.003433
2003	4	0.003433
GOES	4	0.003433
THE	4	0.003433
オリジナル	3	0.002575
ジャンル	3	0.002575
J	3	0.002575
POP	3	0.002575
レーベル	3	0.002575
チャート	3	0.002575
週間	3	0.002575
年表	3	0.002575
映像	3	0.002575
WORLDWIDE	3	0.002575
VERSION	3	0.002575
8	3	0.002575
めぐり	3	0.002575
The	3	0.002575
21	3	0.002575
Don	3	0.002575
Leave	3	0.002575
Me	3	0.002575
28	3	0.002575
25	3	0.002575
6	3	0.002575
松任谷	3	0.002575
由実	3	0.002575
19	3	0.002575
Tomorrow	3	0.002575
never	3	0.002575
knows	3	0.002575
ON	3	0.002575
サンタ	3	0.002575
天使	3	0.002575
笑う	3	0.002575
来る	3	0.002575
ビデオ	3	0.002575
DVD	3	0.002575
Ring	3	0.002575
DREAM	2	0.001717
規格	2	0.001717
cmCD	2	0.001717
go	2	0.001717
for	2	0.001717
it	2	0.001717
終わる	2	0.001717
場所	2	0.001717
1993	2	0.001717
23	2	0.001717
マキシ	2	0.001717
ベスト	2	0.001717
あと	2	0.001717
僅か	2	0.001717
届か	2	0.001717
ドリカム	2	0.001717
2009	2	0.001717
th	2	0.001717
英語	2	0.001717
逢え	2	0.001717
日本	2	0.001717
テーマ	2	0.001717
晴れ	2	0.001717
Swinging	2	0.001717
Star	2	0.001717
・	2	0.001717
歴	2	0.001717
17	2	0.001717
31	2	0.001717
MY	2	0.001717
ZARD	2	0.001717
Hey	2	0.001717
SMAP	2	0.001717
18	2	0.001717
9	2	0.001717
no	2	0.001717
13	2	0.001717
innocent	2	0.001717
world	2	0.001717
世界	2	0.001717
終る	2	0.001717
WANDS	2	0.001717
Rusty	2	0.001717
Nail	2	0.001717
X	2	0.001717
JAPAN	2	0.001717
Hello	2	0.001717
my	2	0.001717
friend	2	0.001717
15	2	0.001717
On	2	0.001717
CHAGE	2	0.001717
ASKA	2	0.001717
恋し	2	0.001717
せつな	2	0.001717
心強	2	0.001717
篠原	2	0.001717
涼子	2	0.001717
with	2	0.001717
komuro	2	0.001717
内田	2	0.001717
すき	2	0.001717
きづい	2	0.001717
ない	2	0.001717
1990	2	0.001717
1992	2	0.001717
1995	2	0.001717
1999	2	0.001717
2000	2	0.001717
曲	2	0.001717
史上	2	0.001717
最強	2	0.001717
遊園	2	0.001717
ドリカムワンダーランド	2	0.001717
うれし	2	0.001717
未来	2	0.001717
GREATEST	2	0.001717
HITS	2	0.001717
SOUL	2	0.001717
COLLECTION	2	0.001717
する	2	0.001717
楽曲	2	0.001717
出典	1	0.000858
フリー	1	0.000858
百科	1	0.000858
事典	1	0.000858
ウィキペディア	1	0.000858
Wikipedia	1	0.000858
ナビゲーション	1	0.000858
ウインター	1	0.000858
cm	1	0.000858
目次	1	0.000858
両方	1	0.000858
さまざま	1	0.000858
CD	1	0.000858
ジャケット	1	0.000858
キャラクター	1	0.000858
ドリクマ	1	0.000858
エリック	1	0.000858
マーティン	1	0.000858
Noa	1	0.000858
カヴァー	1	0.000858
OH	1	0.000858
LITTLE	1	0.000858
GIRL	1	0.000858
尾崎	1	0.000858
豊	1	0.000858
愛	1	0.000858
泳ぎ	1	0.000858
疲れ	1	0.000858
Boy	1	0.000858
泣き	1	0.000858
なる	1	0.000858
中山	1	0.000858
美穂	1	0.000858
あり	1	0.000858
GAMBA	1	0.000858
なく	1	0.000858
LINDBERG	1	0.000858
Nights	1	0.000858
of	1	0.000858
Knife	1	0.000858
TMN	1	0.000858
16	1	0.000858
夏	1	0.000858
抱きしめ	1	0.000858
TUBE	1	0.000858
30	1	0.000858
空	1	0.000858
ファイト	1	0.000858
中島	1	0.000858
みゆき	1	0.000858
survival	1	0.000858
dAnce	1	0.000858
cry	1	0.000858
more	1	0.000858
trf	1	0.000858
20	1	0.000858
27	1	0.000858
瞳	1	0.000858
そらさ	1	0.000858
DEEN	1	0.000858
Miss	1	0.000858
You	1	0.000858
今井	1	0.000858
美樹	1	0.000858
HEART	1	0.000858
NATURAL	1	0.000858
Your	1	0.000858
Mark	1	0.000858
22	1	0.000858
そば	1	0.000858
居る	1	0.000858
29	1	0.000858
SPY	1	0.000858
槇原	1	0.000858
敬之	1	0.000858
VIRGIN	1	0.000858
BEAT	1	0.000858
氷室	1	0.000858
京介	1	0.000858
がんばり	1	0.000858
BLUE	1	0.000858
LUNA	1	0.000858
SEA	1	0.000858
永遠	1	0.000858
夢	1	0.000858
向かっ	1	0.000858
大黒	1	0.000858
摩季	1	0.000858
素敵	1	0.000858
大事	1	0.000858
人	1	0.000858
シングル・ヴァージョン	1	0.000858
森高	1	0.000858
千里	1	0.000858
TENCA	1	0.000858
取ろ	1	0.000858
野望	1	0.000858
有紀	1	0.000858
春	1	0.000858
来い	1	0.000858
逢い	1	0.000858
MOTEL	1	0.000858
everybody	1	0.000858
goes	1	0.000858
秩序	1	0.000858
現代	1	0.000858
ドロップ	1	0.000858
1967	1	0.000858
1968	1	0.000858
1969	1	0.000858
1970	1	0.000858
1971	1	0.000858
1972	1	0.000858
1973	1	0.000858
1974	1	0.000858
1975	1	0.000858
1976	1	0.000858
1977	1	0.000858
1978	1	0.000858
1979	1	0.000858
1980	1	0.000858
1981	1	0.000858
1982	1	0.000858
1983	1	0.000858
1984	1	0.000858
1985	1	0.000858
1986	1	0.000858
1987	1	0.000858
1988	1	0.000858
1989	1	0.000858
1991	1	0.000858
1996	1	0.000858
1997	1	0.000858
2001	1	0.000858
2002	1	0.000858
2004	1	0.000858
2005	1	0.000858
2006	1	0.000858
2007	1	0.000858
2008	1	0.000858
2010	1	0.000858
52	1	0.000858
SONY	1	0.000858
MD	1	0.000858
WALKMAN	1	0.000858
CF	1	0.000858
WINER	1	0.000858
タイトル	1	0.000858
nd	1	0.000858
あわせ	1	0.000858
日本人	1	0.000858
歌手	1	0.000858
英	1	0.000858
詞	1	0.000858
歴代	1	0.000858
本	1	0.000858
Real	1	0.000858
Thing	1	0.000858
Shakes	1	0.000858
ミュージック	1	0.000858
VHS	1	0.000858
91	1	0.000858
95	1	0.000858
50	1	0.000858
万	1	0.000858
ドリーム	1	0.000858
キャッチャー	1	0.000858
PV	1	0.000858
時代	1	0.000858
プロモーション	1	0.000858
商品	1	0.000858
Jingle	1	0.000858
Bells	1	0.000858
in	1	0.000858
back	1	0.000858
ground	1	0.000858
西川	1	0.000858
隆宏	1	0.000858
メンバー	1	0.000858
会い	1	0.000858
APPROACH	1	0.000858
はずかし	1	0.000858
朝帰り	1	0.000858
LAT	1	0.000858
43	1	0.000858
N	1	0.000858
forty	1	0.000858
three	1	0.000858
degrees	1	0.000858
north	1	0.000858
latitude	1	0.000858
笑顔	1	0.000858
行方	1	0.000858
さよなら	1	0.000858
待っ	1	0.000858
Eyes	1	0.000858
to	1	0.000858
me	1	0.000858
友達	1	0.000858
忘れ	1	0.000858
太陽	1	0.000858
見	1	0.000858
いい	1	0.000858
サンキュ	1	0.000858
嵐	1	0.000858
ROMANCE	1	0.000858
帰ろ	1	0.000858
PEACE	1	0.000858
MARRY	1	0.000858
ME	1	0.000858
恋	1	0.000858
SNOW	1	0.000858
DANCE	1	0.000858
わすれ	1	0.000858
ばん	1	0.000858
ちょう	1	0.000858
TWENTY	1	0.000858
FOUR	1	0.000858
SEVEN	1	0.000858
だめ	1	0.000858
Go	1	0.000858
Baby	1	0.000858
universal	1	0.000858
mix	1	0.000858
ALL	1	0.000858
ABOUT	1	0.000858
やさしい	1	0.000858
マスカラ	1	0.000858
まつげ	1	0.000858
はじまり	1	0.000858
la	1	0.000858
OLA	1	0.000858
VITORIA	1	0.000858
ラヴ	1	0.000858
レター	1	0.000858
何	1	0.000858
JET	1	0.000858
SUNSHINE	1	0.000858
大阪	1	0.000858
LOVER	1	0.000858
聞こえ	1	0.000858
ア・イ・シ・テ・ル	1	0.000858
featuring	1	0.000858
ルフィ	1	0.000858
ナミ	1	0.000858
ゾロ	1	0.000858
ウソップ	1	0.000858
サンジ	1	0.000858
チョッパー	1	0.000858
ロビン	1	0.000858
フランキー	1	0.000858
ヒルルク	1	0.000858
くれ	1	0.000858
MERRY	1	0.000858
LIFE	1	0.000858
ROUND	1	0.000858
BABY	1	0.000858
てっ	1	0.000858
連れ	1	0.000858
GOOD	1	0.000858
BYE	1	0.000858
SCHOOL	1	0.000858
DAYS	1	0.000858
先	1	0.000858
WONDER	1	0.000858
MILLION	1	0.000858
KISSES	1	0.000858
MAGIC	1	0.000858
DELICIOUS	1	0.000858
UNLIMITED	1	0.000858
SING	1	0.000858
OR	1	0.000858
DIE	1	0.000858
the	1	0.000858
Monster	1	0.000858
monkey	1	0.000858
girl	1	0.000858
odyssey	1	0.000858
DIAMOND	1	0.000858
ROCKS	1	0.000858
AND	1	0.000858
I	1	0.000858
DO	1	0.000858
BEST	1	0.000858
OF	1	0.000858
DREAMAGE	1	0.000858
BALLAD	1	0.000858
DREAMANIA	1	0.000858
SMOOTH	1	0.000858
GROOVE	1	0.000858
OVERFLOWS	1	0.000858
ASIAN	1	0.000858
EDITION	1	0.000858
事項	1	0.000858
DCT	1	0.000858
records	1	0.000858
DCTgarden	1	0.000858
IKEDA	1	0.000858
浦嶋	1	0.000858
りん	1	0.000858
こ	1	0.000858
FUNK	1	0.000858
PEANUTS	1	0.000858
たのし	1	0.000858
大好き	1	0.000858
アマレット	1	0.000858
ハーモニー	1	0.000858
書き	1	0.000858
項目	1	0.000858
求め	1	0.000858
P	1	0.000858
音楽	1	0.000858
PJ	1	0.000858
http	1	0.000858
ja	1	0.000858
wikipedia	1	0.000858
org	1	0.000858
wiki	1	0.000858
カテゴリ	1	0.000858
主題歌	1	0.000858
コマーシャル	1	0.000858
オリコンシングルチャート	1	0.000858
ミリオンセラー	1	0.000858
