フェアリー	42	0.083168
3	17	0.033663
し	16	0.031683
E	13	0.025743
さ	11	0.021782
航空機	9	0.017822
工場	8	0.015842
83	8	0.015842
2	7	0.013861
A	7	0.013861
フェアリー・アビエーション	6	0.011881
イギリス	5	0.009901
7	5	0.009901
82	5	0.009901
メーカー	4	0.007921
ヘイズ	4	0.007921
ファイア	4	0.007921
フライ	4	0.007921
1	4	0.007921
4	4	0.007921
ポート	4	0.007921
p	4	0.007921
Scholefield	4	0.007921
Manchester	4	0.007921
ヒートン・チャペル	3	0.005941
III	3	0.005941
ソードフィッシュ	3	0.005941
WFEL	3	0.005941
世界	3	0.005941
大戦	3	0.005941
ストック	3	0.005941
6	3	0.005941
リング	3	0.005941
ウェイ	3	0.005941
ヘン	3	0.005941
ドン	3	0.005941
1960	3	0.005941
R	3	0.005941
ISBN	3	0.005941
0	3	0.005941
フリー	2	0.003960
Fairey	2	0.003960
ミドル	2	0.003960
拠点	2	0.003960
ガ	2	0.003960
ネット	2	0.003960
有名	2	0.003960
Fleet	2	0.003960
Air	2	0.003960
Arm	2	0.003960
部門	2	0.003960
ウェストランド・エアクラフト	2	0.003960
する	2	0.003960
歴史	2	0.003960
製品	2	0.003960
脚注	2	0.003960
文献	2	0.003960
カンパニア	2	0.003960
月	2	0.003960
二	2	0.003960
中期	2	0.003960
なっ	2	0.003960
1937	2	0.003960
マンチェスター	2	0.003960
バトル	2	0.003960
フルマー	2	0.003960
バラクーダ	2	0.003960
ブリストル	2	0.003960
ロトダイン	2	0.003960
ヘリコプター	2	0.003960
5	2	0.003960
ウェストランド	2	0.003960
エンジニアリング	2	0.003960
ジャイロ	2	0.003960
ダイン	2	0.003960
デルタ	2	0.003960
Barnes	2	0.003960
and	2	0.003960
James	2	0.003960
2004	2	0.003960
Helicopter	2	0.003960
Museum	2	0.003960
1998	2	0.003960
Uttley	2	0.003960
H	2	0.003960
2001	2	0.003960
183	2	0.003960
X	2	0.003960
BC	2	0.003960
B	2	0.003960
出典	1	0.001980
百科	1	0.001980
事典	1	0.001980
ウィキペディア	1	0.001980
Wikipedia	1	0.001980
ナビゲーション	1	0.001980
Aviation	1	0.001980
Company	1	0.001980
Ltd	1	0.001980
20	1	0.001980
世紀	1	0.001980
前半	1	0.001980
グレーター・マンチェスター	1	0.001980
主	1	0.001980
軍用	1	0.001980
同社	1	0.001980
艦隊	1	0.001980
航空	1	0.001980
一連	1	0.001980
企業	1	0.001980
橋梁	1	0.001980
機器	1	0.001980
スペクトリス	1	0.001980
目次	1	0.001980
ソードフィッシュフェアリー・アビエーション	1	0.001980
1916	1	0.001980
チャールズ	1	0.001980
ない	1	0.001980
他社	1	0.001980
ライセンス	1	0.001980
請け負っ	1	0.001980
最初	1	0.001980
水上	1	0.001980
1917	1	0.001980
行っ	1	0.001980
ハンプシャー	1	0.001980
行わ	1	0.001980
送り出し	1	0.001980
1930	1	0.001980
受け	1	0.001980
必要	1	0.001980
一	1	0.001980
国立	1	0.001980
1935	1	0.001980
少数	1	0.001980
単葉	1	0.001980
1936	1	0.001980
バートン	1	0.001980
始まっ	1	0.001980
続い	1	0.001980
498	1	0.001980
ボー	1	0.001980
ファイター	1	0.001980
660	1	0.001980
ハンドレーページ	1	0.001980
ハリ	1	0.001980
ホワイトウォルサム	1	0.001980
組み立て	1	0.001980
1957	1	0.001980
1950	1	0.001980
後期	1	0.001980
政府	1	0.001980
乗り出し	1	0.001980
国防省	1	0.001980
ベスト	1	0.001980
1959	1	0.001980
サンダーズ・ロー	1	0.001980
Saunders	1	0.001980
Roe	1	0.001980
Limited	1	0.001980
飛行機	1	0.001980
ワスプ	1	0.001980
Engineering	1	0.001980
1986	1	0.001980
キッゼ	1	0.001980
ウィリアムズ	1	0.001980
携わっ	1	0.001980
ガネットフェアリー	1	0.001980
キャッチャー	1	0.001980
マントル	1	0.001980
フォックス	1	0.001980
シール	1	0.001980
ファン	1	0.001980
トム	1	0.001980
シーフォックス	1	0.001980
アルバコア	1	0.001980
スピアフィッシュ	1	0.001980
ジェット	1	0.001980
プライマー	1	0.001980
ワン	1	0.001980
ウルトラ	1	0.001980
ライト	1	0.001980
フラッシュ	1	0.001980
ミサイル	1	0.001980
104	1	0.001980
227	1	0.001980
35	1	0.001980
39	1	0.001980
Matthew	1	0.001980
Westland	1	0.001980
the	1	0.001980
British	1	0.001980
Industry	1	0.001980
1945	1	0.001980
Licensed	1	0.001980
Production	1	0.001980
vs	1	0.001980
Indigenous	1	0.001980
Innovation	1	0.001980
Routledge	1	0.001980
714	1	0.001980
651	1	0.001980
94	1	0.001980
C	1	0.001980
D	1	0.001980
N	1	0.001980
Shorts	1	0.001980
Aircraft	1	0.001980
since	1	0.001980
1900	1	0.001980
London	1	0.001980
1989	1	0.001980
Putnam	1	0.001980
560	1	0.001980
85177	1	0.001980
819	1	0.001980
Airport	1	0.001980
Sutton	1	0.001980
Publishing	1	0.001980
Stroud	1	0.001980
7509	1	0.001980
1954	1	0.001980
s	1	0.001980
Early	1	0.001980
Airfields	1	0.001980
an	1	0.001980
extended	1	0.001980
article	1	0.001980
in	1	0.001980
Moving	1	0.001980
Lancashire	1	0.001980
Cheshire	1	0.001980
Antiquarian	1	0.001980
Society	1	0.001980
ISSN	1	0.001980
0950	1	0.001980
4699	1	0.001980
http	1	0.001980
ja	1	0.001980
wikipedia	1	0.001980
org	1	0.001980
wiki	1	0.001980
95	1	0.001980
AA	1	0.001980
BB	1	0.001980
93	1	0.001980
8	1	0.001980
カテゴリ	1	0.001980
