松江	16	0.032454
藩主	11	0.022312
島根	9	0.018256
文化財	9	0.018256
ある	9	0.018256
さ	8	0.016227
し	8	0.016227
月	7	0.014199
松平	7	0.014199
廟	7	0.014199
大亀	6	0.012170
墓所	6	0.012170
史跡	6	0.012170
6	6	0.012170
直政	6	0.012170
岩	6	0.012170
E	6	0.012170
照寺	5	0.010142
5	5	0.010142
境内	5	0.010142
寺	5	0.010142
9	5	0.010142
伝説	4	0.008114
浄土宗	4	0.008114
出雲	4	0.008114
国	4	0.008114
庵	4	0.008114
有形	4	0.008114
7	4	0.008114
昧	4	0.008114
久多見	4	0.008114
所在地	3	0.006085
外中原	3	0.006085
2	3	0.006085
寛文	3	0.006085
4	3	0.006085
真	3	0.006085
大円	3	0.006085
1	3	0.006085
なっ	3	0.006085
昧公	3	0.006085
寿蔵	2	0.004057
88	2	0.004057
82	2	0.004057
山号	2	0.004057
1664	2	0.004057
開基	2	0.004057
誉	2	0.004057
札所	2	0.004057
国神	2	0.004057
仏	2	0.004057
霊場	2	0.004057
絹本	2	0.004057
獅子	2	0.004057
文殊	2	0.004057
寺院	2	0.004057
沿革	2	0.004057
3	2	0.004057
交通	2	0.004057
項目	2	0.004057
外部	2	0.004057
地	2	0.004057
初代	2	0.004057
改め	2	0.004057
江戸	2	0.004057
廟所	2	0.004057
お抱え	2	0.004057
小泉	2	0.004057
八雲	2	0.004057
8	2	0.004057
治郷	2	0.004057
アジサイ	2	0.004057
母	2	0.004057
恋し	2	0.004057
材料	2	0.004057
地蔵	2	0.004057
尊	2	0.004057
徒歩	2	0.004057
B	2	0.004057
出典	1	0.002028
フリー	1	0.002028
百科	1	0.002028
事典	1	0.002028
ウィキペディア	1	0.002028
Wikipedia	1	0.002028
ナビゲーション	1	0.002028
残る	1	0.002028
北緯	1	0.002028
35	1	0.002028
28	1	0.002028
16	1	0.002028
東経	1	0.002028
133	1	0.002028
23	1	0.002028
かん	1	0.002028
宗派	1	0.002028
本尊	1	0.002028
阿弥陀如来	1	0.002028
上人	1	0.002028
ちょう	1	0.002028
しょうにん	1	0.002028
県	1	0.002028
表	1	0.002028
・	1	0.002028
歴	1	0.002028
しょうじ	1	0.002028
市立	1	0.002028
一	1	0.002028
中学校	1	0.002028
する	1	0.002028
目次	1	0.002028
洞	1	0.002028
雲寺	1	0.002028
うん	1	0.002028
禅	1	0.002028
あっ	1	0.002028
永く	1	0.002028
生母	1	0.002028
照	1	0.002028
霊	1	0.002028
牌	1	0.002028
長	1	0.002028
蒙	1	0.002028
光山	1	0.002028
むこ	1	0.002028
1666	1	0.002028
臨終	1	0.002028
我	1	0.002028
百	1	0.002028
命	1	0.002028
終わら	1	0.002028
此所	1	0.002028
墳墓	1	0.002028
築き	1	0.002028
葬送	1	0.002028
なさん	1	0.002028
遺し	1	0.002028
綱	1	0.002028
隆	1	0.002028
父	1	0.002028
遺命	1	0.002028
継ぎ	1	0.002028
営ん	1	0.002028
歓喜	1	0.002028
茶人	1	0.002028
著名	1	0.002028
名工	1	0.002028
小林	1	0.002028
如泥	1	0.002028
作	1	0.002028
よる	1	0.002028
見事	1	0.002028
見	1	0.002028
力士	1	0.002028
雷電	1	0.002028
爲右	1	0.002028
衞	1	0.002028
碑	1	0.002028
建て	1	0.002028
茶室	1	0.002028
1891	1	0.002028
明治	1	0.002028
24	1	0.002028
訪れ	1	0.002028
こよなく	1	0.002028
愛し	1	0.002028
定め	1	0.002028
思っ	1	0.002028
状態	1	0.002028
良好	1	0.002028
1996	1	0.002028
平成	1	0.002028
29	1	0.002028
圓	1	0.002028
宝物殿	1	0.002028
あり	1	0.002028
歴代	1	0.002028
遺品	1	0.002028
数多く	1	0.002028
植え	1	0.002028
客	1	0.002028
訪れる	1	0.002028
宗	1	0.002028
衍	1	0.002028
土台	1	0.002028
街	1	0.002028
いわ	1	0.002028
下	1	0.002028
蓮池	1	0.002028
水	1	0.002028
飲み	1	0.002028
町中	1	0.002028
暴れ	1	0.002028
いう	1	0.002028
随筆	1	0.002028
知ら	1	0.002028
日本	1	0.002028
面影	1	0.002028
石材	1	0.002028
産地	1	0.002028
30	1	0.002028
西方	1	0.002028
山中	1	0.002028
堅牢	1	0.002028
緑色	1	0.002028
美しい	1	0.002028
選ぶ	1	0.002028
クタン	1	0.002028
大神	1	0.002028
大社	1	0.002028
功	1	0.002028
有り	1	0.002028
本殿	1	0.002028
わ	1	0.002028
クタミ	1	0.002028
単独	1	0.002028
設け	1	0.002028
祀ら	1	0.002028
神	1	0.002028
神石	1	0.002028
切り出し	1	0.002028
攻	1	0.002028
極め	1	0.002028
神威	1	0.002028
恐れ	1	0.002028
絵師	1	0.002028
描か	1	0.002028
残っ	1	0.002028
線	1	0.002028
崇め	1	0.002028
あやかり	1	0.002028
頭	1	0.002028
撫でる	1	0.002028
できる	1	0.002028
言わ	1	0.002028
養	1	0.002028
宇院	1	0.002028
12	1	0.002028
世紀	1	0.002028
690	1	0.002028
0875	1	0.002028
179	1	0.002028
一畑電車北松江線松江	1	0.002028
しんじ	1	0.002028
湖	1	0.002028
温泉	1	0.002028
20	1	0.002028
レイクライン	1	0.002028
市営	1	0.002028
バス	1	0.002028
停留所	1	0.002028
中国	1	0.002028
地方	1	0.002028
データベース	1	0.002028
http	1	0.002028
ja	1	0.002028
wikipedia	1	0.002028
org	1	0.002028
wiki	1	0.002028
C	1	0.002028
85	1	0.002028
A	1	0.002028
AF	1	0.002028
BA	1	0.002028
D	1	0.002028
BE	1	0.002028
F	1	0.002028
カテゴリ	1	0.002028
都道府県	1	0.002028
歴史	1	0.002028
時代	1	0.002028
霊廟	1	0.002028
