250	24	0.051724
ST	23	0.049569
さ	16	0.034483
2	16	0.034483
mm	12	0.025862
Etype	9	0.019397
スズキ	8	0.017241
し	8	0.017241
1	7	0.015086
3	7	0.015086
エンジン	5	0.010776
S	5	0.010776
オートバイ	4	0.008621
ボルティー	4	0.008621
モデル	4	0.008621
カスタマイズ	4	0.008621
4	4	0.008621
なっ	4	0.008621
kg	4	0.008621
C	4	0.008621
行わ	4	0.008621
E	4	0.008621
月	3	0.006466
バルブ	3	0.006466
フェンダー	3	0.006466
価格	3	0.006466
2004	3	0.006466
9	3	0.006466
km	3	0.006466
l	3	0.006466
18	3	0.006466
90	3	0.006466
M	3	0.006466
セル	3	0.006466
82	3	0.006466
する	2	0.004310
2008	2	0.004310
後継	2	0.004310
車種	2	0.004310
2003	2	0.004310
37	2	0.004310
東京モーターショー	2	0.004310
スタンダード	2	0.004310
シンプル	2	0.004310
バイク	2	0.004310
外部	2	0.004310
12	2	0.004310
全国	2	0.004310
気筒	2	0.004310
シリンダー	2	0.004310
メッキ	2	0.004310
非常	2	0.004310
ボルティ	2	0.004310
Nm	2	0.004310
kgm	2	0.004310
6000	2	0.004310
rpm	2	0.004310
55	2	0.004310
770	2	0.004310
750	2	0.004310
シート	2	0.004310
重量	2	0.004310
25	2	0.004310
61	2	0.004310
タイプ	2	0.004310
自動車	2	0.004310
ガス	2	0.004310
マフラー	2	0.004310
施し	2	0.004310
万	2	0.004310
大幅	2	0.004310
デザインスタディモデル	2	0.004310
B	2	0.004310
出典	1	0.002155
フリー	1	0.002155
百科	1	0.002155
事典	1	0.002155
ウィキペディア	1	0.002155
Wikipedia	1	0.002155
ナビゲーション	1	0.002155
エスティー	1	0.002155
ひゃく	1	0.002155
じゅう	1	0.002155
世界	1	0.002155
ストリート	1	0.002155
フォルム	1	0.002155
特徴	1	0.002155
グラストラッカー	1	0.002155
ビッグ	1	0.002155
ボーイ	1	0.002155
目次	1	0.002155
空冷	1	0.002155
ベース	1	0.002155
新規	1	0.002155
SOHC	1	0.002155
249	1	0.002155
cc	1	0.002155
最高	1	0.002155
20	1	0.002155
ps	1	0.002155
高速	1	0.002155
SCEM	1	0.002155
耐	1	0.002155
優れ	1	0.002155
熱	1	0.002155
高い	1	0.002155
効率	1	0.002155
現行	1	0.002155
ストローク	1	0.002155
シングルディスクブレーキ	1	0.002155
スポーク	1	0.002155
ホイール	1	0.002155
ツイン	1	0.002155
ショック	1	0.002155
樹脂	1	0.002155
工具	1	0.002155
オプション	1	0.002155
簡素	1	0.002155
366	1	0.002155
450	1	0.002155
進め	1	0.002155
手頃	1	0.002155
乗り	1	0.002155
機種	1	0.002155
当たり	1	0.002155
部品	1	0.002155
多い	1	0.002155
並	1	0.002155
スペック	1	0.002155
次	1	0.002155
ある	1	0.002155
0	1	0.002155
最大	1	0.002155
トルク	1	0.002155
21	1	0.002155
22	1	0.002155
燃費	1	0.002155
54	1	0.002155
5	1	0.002155
前期	1	0.002155
57	1	0.002155
全長	1	0.002155
005	1	0.002155
070	1	0.002155
全幅	1	0.002155
距離	1	0.002155
325	1	0.002155
375	1	0.002155
最低	1	0.002155
地上	1	0.002155
160	1	0.002155
165	1	0.002155
125	1	0.002155
129	1	0.002155
127	1	0.002155
733	1	0.002155
866	1	0.002155
キャスター	1	0.002155
28	1	0.002155
トレール	1	0.002155
107	1	0.002155
92	1	0.002155
フロント	1	0.002155
タイヤ	1	0.002155
00	1	0.002155
47	1	0.002155
51	1	0.002155
リヤタイヤ	1	0.002155
120	1	0.002155
80	1	0.002155
17	1	0.002155
110	1	0.002155
ハザード	1	0.002155
スイッチ	1	0.002155
パッシングライト・スイッチ	1	0.002155
2007	1	0.002155
15	1	0.002155
スターター	1	0.002155
加え	1	0.002155
マニュアルデコンプ	1	0.002155
ヘッドライト	1	0.002155
メーター	1	0.002155
高級	1	0.002155
有る	1	0.002155
ガソリン	1	0.002155
タンク	1	0.002155
グラデーション	1	0.002155
基本	1	0.002155
性能	1	0.002155
元	1	0.002155
変わり	1	0.002155
無い	1	0.002155
方式	1	0.002155
フル	1	0.002155
トランジスタ	1	0.002155
CDI	1	0.002155
マイナー	1	0.002155
フューエルインジェクション	1	0.002155
触媒	1	0.002155
質感	1	0.002155
定価	1	0.002155
税込み	1	0.002155
45	1	0.002155
DESIGN	1	0.002155
STUDY	1	0.002155
MODEL	1	0.002155
（株）	1	0.002155
二	1	0.002155
A	1	0.002155
セパレート	1	0.002155
ハンドル	1	0.002155
ステップ	1	0.002155
フロントカウル	1	0.002155
シングル	1	0.002155
アルミ	1	0.002155
レーサー	1	0.002155
100	1	0.002155
レッグシールド	1	0.002155
大型	1	0.002155
ノスタルジック	1	0.002155
雰囲気	1	0.002155
醸し	1	0.002155
往年	1	0.002155
SW	1	0.002155
似	1	0.002155
200	1	0.002155
書き	1	0.002155
項目	1	0.002155
記事	1	0.002155
下さる	1	0.002155
求め	1	0.002155
PJ	1	0.002155
http	1	0.002155
ja	1	0.002155
wikipedia	1	0.002155
org	1	0.002155
wiki	1	0.002155
BA	1	0.002155
AD	1	0.002155
83	1	0.002155
BBST	1	0.002155
カテゴリ	1	0.002155
