月	14	0.056680
3	9	0.036437
CIRCUS	8	0.032389
E	7	0.028340
7	6	0.024291
18	6	0.024291
81	6	0.024291
たつ	5	0.020243
2002	5	0.020243
8	5	0.020243
名義	4	0.016194
夏	4	0.016194
禁	4	0.016194
原画	3	0.012146
コスモス	3	0.012146
9	3	0.012146
29	3	0.012146
水	3	0.012146
SUIKA	3	0.012146
ち	3	0.012146
ゅ	3	0.012146
2003	3	0.012146
25	3	0.012146
F	3	0.012146
フリー	2	0.008097
いく	2	0.008097
日本	2	0.008097
イラストレーター	2	0.008097
千葉	2	0.008097
出身	2	0.008097
し	2	0.008097
チーム	2	0.008097
Aries	2	0.008097
2000	2	0.008097
28	2	0.008097
2001	2	0.008097
望む	2	0.008097
永遠	2	0.008097
age	2	0.008097
コム	2	0.008097
ねる	2	0.008097
Princess	2	0.008097
Soft	2	0.008097
キャラクター	2	0.008097
PULLTOP	2	0.008097
出典	1	0.004049
百科	1	0.004049
事典	1	0.004049
ウィキペディア	1	0.004049
Wikipedia	1	0.004049
ナビゲーション	1	0.004049
生田	1	0.004049
鷹	1	0.004049
呑	1	0.004049
漫画	1	0.004049
ケモノ	1	0.004049
絵師	1	0.004049
知ら	1	0.004049
経歴	1	0.004049
野中	1	0.004049
竜	1	0.004049
希	1	0.004049
たつき	1	0.004049
きち	1	0.004049
角川書店	1	0.004049
雑誌	1	0.004049
コンプティーク	1	0.004049
数	1	0.004049
イラスト	1	0.004049
描き	1	0.004049
コンピューター	1	0.004049
ZIPS	1	0.004049
ジップス	1	0.004049
傘下	1	0.004049
ブランド	1	0.004049
ゲーム	1	0.004049
関わり	1	0.004049
ー	1	0.004049
む	1	0.004049
する	1	0.004049
RISE	1	0.004049
他社	1	0.004049
手がける	1	0.004049
同人	1	0.004049
使う	1	0.004049
作品	1	0.004049
4	1	0.004049
闇	1	0.004049
鍋	1	0.004049
27	1	0.004049
ときめき	1	0.004049
WATER	1	0.004049
SUMMER	1	0.004049
PS	1	0.004049
DC	1	0.004049
12	1	0.004049
20	1	0.004049
DVD	1	0.004049
specification	1	0.004049
年齢	1	0.004049
ー・	1	0.004049
157	1	0.004049
星	1	0.004049
2004	1	0.004049
5	1	0.004049
ひまわり	1	0.004049
チャペル	1	0.004049
2007	1	0.004049
24	1	0.004049
Marron	1	0.004049
トラ	1	0.004049
イオン	1	0.004049
2008	1	0.004049
外部	1	0.004049
大国	1	0.004049
仮	1	0.004049
公式	1	0.004049
サイト	1	0.004049
アヂト	1	0.004049
カイテンネコ	1	0.004049
裏	1	0.004049
ページ	1	0.004049
http	1	0.004049
ja	1	0.004049
wikipedia	1	0.004049
org	1	0.004049
wiki	1	0.004049
84	1	0.004049
B	1	0.004049
AE	1	0.004049
82	1	0.004049
93	1	0.004049
カテゴリ	1	0.004049
人物	1	0.004049
