3	24	0.033898
し	24	0.033898
さ	20	0.028249
エンジン	13	0.018362
2	12	0.016949
4	12	0.016949
スズキ	11	0.015537
6	10	0.014124
自動車	10	0.014124
軽自動車	10	0.014124
アルト	10	0.014124
ワゴン	10	0.014124
E	10	0.014124
カプチーノ	8	0.011299
7	8	0.011299
5	8	0.011299
車種	8	0.011299
1	7	0.009887
8	6	0.008475
0	6	0.008475
R	6	0.008475
A	5	0.007062
DOHC	5	0.007062
スポーツ	5	0.007062
ワークス	5	0.007062
英国	5	0.007062
9	5	0.007062
エブリイ	5	0.007062
83	5	0.007062
ps	4	0.005650
mm	4	0.005650
軽量	4	0.005650
アルミ	4	0.005650
なっ	4	0.005650
カルタス	4	0.005650
ジムニー	4	0.005650
82	4	0.005650
F	3	0.004237
気筒	3	0.004237
rpm	3	0.004237
FR	3	0.004237
ホイール	3	0.004237
価格	3	0.004237
海外	3	0.004237
項目	3	0.004237
する	3	0.004237
10	3	0.004237
モデル	3	0.004237
オーナーズクラブ	3	0.004237
L	3	0.004237
プロジェクト	3	0.004237
S	3	0.004237
クレセント	3	0.004237
セダン	3	0.004237
キャリイ	3	0.004237
期間	2	0.002825
1991	2	0.002825
1998	2	0.002825
タイプ	2	0.002825
64	2	0.002825
500	2	0.002825
kgm	2	0.002825
MT	2	0.002825
AT	2	0.002825
サスペンション	2	0.002825
ダブルウィッシュボーン	2	0.002825
重量	2	0.002825
kg	2	0.002825
ABC	2	0.002825
概要	2	0.002825
チューニングモデル	2	0.002825
外部	2	0.002825
性能	2	0.002825
番組	2	0.002825
11	2	0.002825
初期	2	0.002825
ルーフ	2	0.002825
できる	2	0.002825
フロントミッドシップ	2	0.002825
フロント	2	0.002825
51	2	0.002825
縦	2	0.002825
置き	2	0.002825
マイナー	2	0.002825
K	2	0.002825
セルボモード	2	0.002825
バルブ	2	0.002825
インタークーラーターボエンジン	2	0.002825
SCORE	2	0.002825
ドイツ	2	0.002825
数	2	0.002825
100	2	0.002825
キット	2	0.002825
カテゴリ	2	0.002825
1990	2	0.002825
アルトラパン	2	0.002825
スイフト	2	0.002825
シボレー	2	0.002825
SX	2	0.002825
MR	2	0.002825
ワイド	2	0.002825
出典	1	0.001412
フリー	1	0.001412
百科	1	0.001412
事典	1	0.001412
ウィキペディア	1	0.001412
Wikipedia	1	0.001412
ナビゲーション	1	0.001412
定員	1	0.001412
ボディ	1	0.001412
ドア	1	0.001412
直列	1	0.001412
657	1	0.001412
cc	1	0.001412
000	1	0.001412
方式	1	0.001412
全長	1	0.001412
295	1	0.001412
395	1	0.001412
185	1	0.001412
ベース	1	0.001412
060	1	0.001412
車両	1	0.001412
700	1	0.001412
スペック	1	0.001412
Cappuccino	1	0.001412
愛称	1	0.001412
カプチ	1	0.001412
平成	1	0.001412
トリオ	1	0.001412
御三家	1	0.001412
呼ば	1	0.001412
三	1	0.001412
C	1	0.001412
長い	1	0.001412
目次	1	0.001412
フロントエンジン・リアドライブ	1	0.001412
枠	1	0.001412
現実	1	0.001412
フラッグシップモデル	1	0.001412
1989	1	0.001412
東京モーターショー	1	0.001412
鈴木	1	0.001412
修	1	0.001412
社長	1	0.001412
会長	1	0.001412
テレビ	1	0.001412
PM	1	0.001412
日産	1	0.001412
フェア	1	0.001412
レディ	1	0.001412
Z	1	0.001412
見	1	0.001412
ロングノーズ・ショートデッキ	1	0.001412
スポーツカー	1	0.001412
スタイル	1	0.001412
ピ	1	0.001412
ス	1	0.001412
取り外せ	1	0.001412
トランク	1	0.001412
フル	1	0.001412
タルガトップ	1	0.001412
T	1	0.001412
トップ	1	0.001412
形態	1	0.001412
シーター	1	0.001412
フロントアクスル	1	0.001412
後部	1	0.001412
重心	1	0.001412
目指し	1	0.001412
リア	1	0.001412
49	1	0.001412
生まれ	1	0.001412
スペース	1	0.001412
活かし	1	0.001412
車体	1	0.001412
剛性	1	0.001412
プロペラ	1	0.001412
シャフト	1	0.001412
通す	1	0.001412
センター	1	0.001412
トンネル	1	0.001412
断面	1	0.001412
積	1	0.001412
持つ	1	0.001412
サイド	1	0.001412
シル	1	0.001412
車内	1	0.001412
容積	1	0.001412
空間	1	0.001412
狭い	1	0.001412
車	1	0.001412
雑誌	1	0.001412
あっ	1	0.001412
ボディー	1	0.001412
各所	1	0.001412
アルミニウム	1	0.001412
純正	1	0.001412
日本	1	0.001412
なる	1	0.001412
14	1	0.001412
in	1	0.001412
行わ	1	0.001412
ブレーキ	1	0.001412
ディスク	1	0.001412
ベンチレーテッドタイプ	1	0.001412
オプション	1	0.001412
ABS	1	0.001412
トルセン	1	0.001412
LSD	1	0.001412
可能	1	0.001412
1995	1	0.001412
受け	1	0.001412
16	1	0.001412
コンピュータ	1	0.001412
最大	1	0.001412
トルク	1	0.001412
前期	1	0.001412
遂げ	1	0.001412
出来る	1	0.001412
バブル	1	0.001412
伴う	1	0.001412
スペシャルティカー	1	0.001412
市場	1	0.001412
規格	1	0.001412
伴い	1	0.001412
対象	1	0.001412
なり	1	0.001412
スーパー	1	0.001412
長寿	1	0.001412
命	1	0.001412
自主	1	0.001412
末期	1	0.001412
目的	1	0.001412
持ち	1	0.001412
145	1	0.001412
158	1	0.001412
万	1	0.001412
他	1	0.001412
高価	1	0.001412
立ち上がっ	1	0.001412
香港	1	0.001412
道路	1	0.001412
右側	1	0.001412
席	1	0.001412
向け	1	0.001412
ウィンカー	1	0.001412
リアフォグ	1	0.001412
法律	1	0.001412
適し	1	0.001412
140	1	0.001412
km	1	0.001412
h	1	0.001412
リミッター	1	0.001412
有名人	1	0.001412
バーニー・エクレストン	1	0.001412
ラルフ・シューマッハ	1	0.001412
いる	1	0.001412
ロングノーズ	1	0.001412
ルーム	1	0.001412
広く	1	0.001412
チューニングメーカー	1	0.001412
コンプリートカー	1	0.001412
フェンダー	1	0.001412
15	1	0.001412
タイヤ	1	0.001412
履か	1	0.001412
走ら	1	0.001412
自体	1	0.001412
難し	1	0.001412
一言	1	0.001412
とどまっ	1	0.001412
280	1	0.001412
コスワース	1	0.001412
同様	1	0.001412
目	1	0.001412
つけ	1	0.001412
マツダ	1	0.001412
RX	1	0.001412
ロータリー	1	0.001412
プライベーター・ショップデモカー	1	0.001412
専門	1	0.001412
チューナー	1	0.001412
タービン	1	0.001412
プラグ	1	0.001412
セット	1	0.001412
ウィキメディア・コモンズ	1	0.001412
あり	1	0.001412
商品	1	0.001412
情報	1	0.001412
CappuccinoWiki	1	0.001412
Wiki	1	0.001412
ポータル	1	0.001412
乗用車	1	0.001412
バス	1	0.001412
メーカー	1	0.001412
ブランド	1	0.001412
歴史	1	0.001412
モータースポーツ	1	0.001412
画像	1	0.001412
スタブ	1	0.001412
隠す	1	0.001412
1980	1	0.001412
年表	1	0.001412
・	1	0.001412
歴	1	0.001412
種類	1	0.001412
2000	1	0.001412
2010	1	0.001412
ハッチ	1	0.001412
ツイン	1	0.001412
セルボ	1	0.001412
AA	1	0.001412
44	1	0.001412
HT	1	0.001412
クルーズ	1	0.001412
GA	1	0.001412
ZC	1	0.001412
ZD	1	0.001412
エリオ	1	0.001412
カルタス・エスティーム	1	0.001412
エリオセダン	1	0.001412
キザシ	1	0.001412
パレット	1	0.001412
ソ	1	0.001412
リオ	1	0.001412
MW	1	0.001412
スプラッシュ	1	0.001412
ミニバン	1	0.001412
エブリイランディ	1	0.001412
ランディ	1	0.001412
キャラ	1	0.001412
カルタス・コンバーティブル	1	0.001412
Kei	1	0.001412
SUV	1	0.001412
1300	1	0.001412
シ	1	0.001412
エラ	1	0.001412
ジムニーシエラ	1	0.001412
エスクード	1	0.001412
X	1	0.001412
90	1	0.001412
グランドエスクード	1	0.001412
商用	1	0.001412
http	1	0.001412
ja	1	0.001412
wikipedia	1	0.001412
org	1	0.001412
wiki	1	0.001412
B	1	0.001412
BA	1	0.001412
AD	1	0.001412
BB	1	0.001412
AB	1	0.001412
97	1	0.001412
81	1	0.001412
BC	1	0.001412
オープンカー	1	0.001412
