し	6	0.027397
周	5	0.022831
忠	5	0.022831
東京	5	0.022831
事務所	5	0.022831
学校	4	0.018265
浜岡	4	0.018265
E	4	0.018265
高等	3	0.013699
工芸	3	0.013699
新制	3	0.013699
前身	3	0.013699
1922	3	0.013699
聖蹟	3	0.013699
1927	3	0.013699
グロピウス	3	0.013699
都市	3	0.013699
1926	3	0.013699
文化	3	0.013699
5	3	0.013699
蔵田	2	0.009132
1895	2	0.009132
1966	2	0.009132
日本	2	0.009132
武蔵工業大学	2	0.009132
山口	2	0.009132
出身	2	0.009132
曽	2	0.009132
関根	2	0.009132
千葉大学	2	0.009132
1930	2	0.009132
作品	2	0.009132
大学	2	0.009132
多摩	2	0.009132
森口	2	0.009132
里	2	0.009132
1924	2	0.009132
近代	2	0.009132
8	2	0.009132
94	2	0.009132
B	2	0.009132
0	2	0.009132
A	2	0.009132
教員	2	0.009132
出典	1	0.004566
フリー	1	0.004566
百科	1	0.004566
事典	1	0.004566
ウィキペディア	1	0.004566
Wikipedia	1	0.004566
ナビゲーション	1	0.004566
くら	1	0.004566
ちかただ	1	0.004566
多い	1	0.004566
経歴	1	0.004566
萩	1	0.004566
旧姓	1	0.004566
1913	1	0.004566
工手	1	0.004566
工学院大学	1	0.004566
1914	1	0.004566
三橋	1	0.004566
四郎	1	0.004566
禰達	1	0.004566
禰	1	0.004566
中條	1	0.004566
移っ	1	0.004566
1920	1	0.004566
早稲田大学	1	0.004566
選科	1	0.004566
1921	1	0.004566
平和	1	0.004566
上野公園	1	0.004566
技術	1	0.004566
なり	1	0.004566
堀口	1	0.004566
捨己	1	0.004566
知り合い	1	0.004566
会	1	0.004566
三	1	0.004566
先輩	1	0.004566
要太郎	1	0.004566
京王	1	0.004566
閣	1	0.004566
関わっ	1	0.004566
学部	1	0.004566
講師	1	0.004566
1943	1	0.004566
ワイマール	1	0.004566
共和	1	0.004566
政	1	0.004566
時代	1	0.004566
ドイツ	1	0.004566
渡り	1	0.004566
バウハウス	1	0.004566
モダニズム	1	0.004566
接し	1	0.004566
1932	1	0.004566
武蔵	1	0.004566
工科	1	0.004566
教授	1	0.004566
1962	1	0.004566
農家	1	0.004566
工学	1	0.004566
博士	1	0.004566
聖	1	0.004566
シオン	1	0.004566
会堂	1	0.004566
等々力	1	0.004566
ジードルンク	1	0.004566
訳書	1	0.004566
エジプト	1	0.004566
印度	1	0.004566
思潮	1	0.004566
ロダン	1	0.004566
ルネッサンス	1	0.004566
ブルー	1	0.004566
タウト	1	0.004566
1942	1	0.004566
1953	1	0.004566
民家	1	0.004566
帖	1	0.004566
1955	1	0.004566
1965	1	0.004566
空間	1	0.004566
戸川	1	0.004566
敬一	1	0.004566
彰	1	0.004566
1958	1	0.004566
アメリカ	1	0.004566
元	1	0.004566
http	1	0.004566
ja	1	0.004566
wikipedia	1	0.004566
org	1	0.004566
wiki	1	0.004566
7	1	0.004566
91	1	0.004566
BF	1	0.004566
カテゴリ	1	0.004566
人物	1	0.004566
