教団	37	0.025856
教	36	0.025157
PL	35	0.024458
3	23	0.016073
宗教	17	0.011880
教祖	17	0.011880
神道	13	0.009085
する	13	0.009085
し	13	0.009085
教会	13	0.009085
E	13	0.009085
1	12	0.008386
一	12	0.008386
木徳	12	0.008386
宗	12	0.008386
日本	10	0.006988
花火	9	0.006289
世界	9	0.006289
ISBN	9	0.006289
パーフェクト	8	0.005590
リバティー	8	0.005590
平和	8	0.005590
2	8	0.005590
祭典	8	0.005590
芸術	8	0.005590
83	8	0.005590
初代	7	0.004892
学校	7	0.004892
1930	7	0.004892
1942	7	0.004892
さ	6	0.004193
5	6	0.004193
本庁	6	0.004193
月	6	0.004193
1936	6	0.004193
近	6	0.004193
天	6	0.004193
事典	5	0.003494
立教	5	0.003494
ひと	5	0.003494
神	5	0.003494
学園	5	0.003494
1938	5	0.003494
孝	5	0.003494
佛	5	0.003494
身	5	0.003494
念	5	0.003494
1951	5	0.003494
個人	4	0.002795
行わ	4	0.002795
木	4	0.002795
霊	4	0.002795
本部	4	0.002795
あり	4	0.002795
神霊	4	0.002795
宗派	4	0.002795
野球	4	0.002795
中学校	4	0.002795
教え	4	0.002795
心	4	0.002795
A	4	0.002795
祖	4	0.002795
御嶽	4	0.002795
仏教	4	0.002795
三	4	0.002795
みち	4	0.002795
1970	4	0.002795
1983	4	0.002795
法人	4	0.002795
正宗	4	0.002795
1948	4	0.002795
1978	4	0.002795
4	3	0.002096
6	3	0.002096
8	3	0.002096
9	3	0.002096
文献	3	0.002096
練	3	0.002096
教主	3	0.002096
おしえ	3	0.002096
貴	3	0.002096
止	3	0.002096
宇宙	3	0.002096
大阪	3	0.002096
正殿	3	0.002096
万国戦争犠牲者慰霊大平和祈念塔	3	0.002096
高等	3	0.002096
真理	3	0.002096
世	3	0.002096
みしら	3	0.002096
ある	3	0.002096
なっ	3	0.002096
形	3	0.002096
できる	3	0.002096
会員	3	0.002096
聖地	3	0.002096
式典	3	0.002096
11	3	0.002096
病院	3	0.002096
自由	3	0.002096
・	3	0.002096
1916	3	0.002096
キリスト	3	0.002096
1928	3	0.002096
扶桑	3	0.002096
本殿	3	0.002096
二	3	0.002096
1949	3	0.002096
1953	3	0.002096
情報	3	0.002096
産業	3	0.002096
井上	3	0.002096
順	3	0.002096
1977	3	0.002096
ほん	3	0.002096
行	3	0.002096
中山	3	0.002096
1912	3	0.002096
華	3	0.002096
1954	3	0.002096
1950	3	0.002096
協会	3	0.002096
82	3	0.002096
出典	2	0.001398
時代	2	0.001398
通称	2	0.001398
概要	2	0.001398
内容	2	0.001398
主	2	0.001398
四	2	0.001398
大祭	2	0.001398
詣	2	0.001398
沿革	2	0.001398
7	2	0.001398
項目	2	0.001398
10	2	0.001398
外部	2	0.001398
富田林	2	0.001398
称する	2	0.001398
祀る	2	0.001398
奥津城	2	0.001398
慰霊	2	0.001398
呼ば	2	0.001398
小学校	2	0.001398
幼稚園	2	0.001398
専門	2	0.001398
女子	2	0.001398
遊園	2	0.001398
ゴルフ	2	0.001398
あっ	2	0.001398
人生	2	0.001398
真	2	0.001398
人	2	0.001398
自分	2	0.001398
心得	2	0.001398
おし	2	0.001398
神業	2	0.001398
祝う	2	0.001398
様々	2	0.001398
行事	2	0.001398
21	2	0.001398
各地	2	0.001398
脇	2	0.001398
成	2	0.001398
会館	2	0.001398
応じ	2	0.001398
完全	2	0.001398
でき	2	0.001398
徳光	2	0.001398
称す	2	0.001398
団体	2	0.001398
十	2	0.001398
1934	2	0.001398
照	2	0.001398
不敬	2	0.001398
1946	2	0.001398
清水	2	0.001398
理事	2	0.001398
1959	2	0.001398
衆院	2	0.001398
委員	2	0.001398
1973	2	0.001398
ローマ	2	0.001398
教皇	2	0.001398
パウロ	2	0.001398
1980	2	0.001398
目録	2	0.001398
昭和	2	0.001398
社会	2	0.001398
人物	2	0.001398
國學院大學	2	0.001398
文化	2	0.001398
研究所	2	0.001398
黒住	2	0.001398
1814	2	0.001398
天理教	2	0.001398
1838	2	0.001398
金光	2	0.001398
1859	2	0.001398
修成	2	0.001398
1869	2	0.001398
1872	2	0.001398
出雲	2	0.001398
大社	2	0.001398
1873	2	0.001398
理	2	0.001398
1880	2	0.001398
1882	2	0.001398
大本	2	0.001398
1892	2	0.001398
荒	2	0.001398
薙	2	0.001398
1900	2	0.001398
一燈園	2	0.001398
1905	2	0.001398
国教	2	0.001398
1908	2	0.001398
1913	2	0.001398
居	2	0.001398
1927	2	0.001398
生長の家	2	0.001398
救世	2	0.001398
1935	2	0.001398
璽宇	2	0.001398
1941	2	0.001398
如来	2	0.001398
1802	2	0.001398
本	2	0.001398
1857	2	0.001398
柱	2	0.001398
1884	2	0.001398
妙法寺	2	0.001398
僧	2	0.001398
伽	2	0.001398
1917	2	0.001398
眞	2	0.001398
1925	2	0.001398
1929	2	0.001398
霊友会	2	0.001398
創価学会	2	0.001398
道教	2	0.001398
真如苑	2	0.001398
立正佼成会	2	0.001398
思親	2	0.001398
冨士	2	0.001398
大石寺	2	0.001398
顕正	2	0.001398
浄土真宗	2	0.001398
辯天	2	0.001398
1947	2	0.001398
1952	2	0.001398
真光	2	0.001398
明	2	0.001398
崇	2	0.001398
妙	2	0.001398
1979	2	0.001398
聖	2	0.001398
1987	2	0.001398
イエス	2	0.001398
1986	2	0.001398
1966	2	0.001398
BC	2	0.001398
95	2	0.001398
フリー	1	0.000699
百科	1	0.000699
ウィキペディア	1	0.000699
Wikipedia	1	0.000699
ナビゲーション	1	0.000699
大正	1	0.000699
多い	1	0.000699
公式	1	0.000699
目次	1	0.000699
みき	1	0.000699
対象	1	0.000699
大元	1	0.000699
おかみ	1	0.000699
だい	1	0.000699
げん	1	0.000699
れい	1	0.000699
とも	1	0.000699
万国	1	0.000699
塔	1	0.000699
タワー	1	0.000699
立つ	1	0.000699
高校	1	0.000699
有名	1	0.000699
敷地	1	0.000699
短大	1	0.000699
短期大学	1	0.000699
桜ケ丘	1	0.000699
旧名	1	0.000699
ランド	1	0.000699
もと	1	0.000699
各人	1	0.000699
個性	1	0.000699
最大限	1	0.000699
人類	1	0.000699
永遠	1	0.000699
福祉	1	0.000699
目標	1	0.000699
特徴	1	0.000699
身の回り	1	0.000699
起こる	1	0.000699
苦痛	1	0.000699
自身	1	0.000699
傾き	1	0.000699
知らせる	1	0.000699
とらえ	1	0.000699
呼ぶ	1	0.000699
個々	1	0.000699
自己	1	0.000699
邪魔	1	0.000699
癖	1	0.000699
戒律	1	0.000699
せ	1	0.000699
日常	1	0.000699
処世	1	0.000699
訓	1	0.000699
説く	1	0.000699
とる	1	0.000699
元旦	1	0.000699
迎え	1	0.000699
平穏	1	0.000699
無事	1	0.000699
過ごせ	1	0.000699
幸せ	1	0.000699
正月	1	0.000699
日	1	0.000699
残し	1	0.000699
祈り	1	0.000699
捧げる	1	0.000699
国内	1	0.000699
世界中	1	0.000699
迫力	1	0.000699
規模	1	0.000699
地元	1	0.000699
風物詩	1	0.000699
29	1	0.000699
教義	1	0.000699
敷か	1	0.000699
至る	1	0.000699
過程	1	0.000699
12	1	0.000699
解く	1	0.000699
気持ち	1	0.000699
ささげる	1	0.000699
行っ	1	0.000699
み	1	0.000699
まち	1	0.000699
ざさ	1	0.000699
結婚式	1	0.000699
愛児	1	0.000699
地鎮祭	1	0.000699
先祖	1	0.000699
詣り	1	0.000699
いい	1	0.000699
全国	1	0.000699
重要	1	0.000699
バトントワリング	1	0.000699
PLMBA	1	0.000699
茶道	1	0.000699
華道	1	0.000699
左	1	0.000699
芸	1	0.000699
右	1	0.000699
道場	1	0.000699
グランド	1	0.000699
硬式	1	0.000699
球場	1	0.000699
ぷらっと	1	0.000699
必要	1	0.000699
世間	1	0.000699
言う	1	0.000699
必勝	1	0.000699
交通	1	0.000699
安全	1	0.000699
受ける	1	0.000699
いう	1	0.000699
誓う	1	0.000699
意味合い	1	0.000699
強く	1	0.000699
遂断	1	0.000699
神事	1	0.000699
しきり	1	0.000699
しんじ	1	0.000699
とり	1	0.000699
間違え	1	0.000699
人間	1	0.000699
とらわれる	1	0.000699
なく	1	0.000699
無碍	1	0.000699
心がけ	1	0.000699
役立つ	1	0.000699
与え	1	0.000699
天職	1	0.000699
毎日	1	0.000699
明るく	1	0.000699
楽しく	1	0.000699
過ごす	1	0.000699
葬儀	1	0.000699
神葬	1	0.000699
準じ	1	0.000699
上部	1	0.000699
上る	1	0.000699
犠牲	1	0.000699
モニュメント	1	0.000699
位置づけ	1	0.000699
明確	1	0.000699
ABC	1	0.000699
ラジオ	1	0.000699
50	1	0.000699
00	1	0.000699
新しい	1	0.000699
冠	1	0.000699
つい	1	0.000699
道徳	1	0.000699
1931	1	0.000699
008	1	0.000699
敷	1	0.000699
大広間	1	0.000699
有する	1	0.000699
鉄筋	1	0.000699
建	1	0.000699
東大阪	1	0.000699
永和	1	0.000699
盛岡	1	0.000699
支部	1	0.000699
娘	1	0.000699
容疑	1	0.000699
特高	1	0.000699
さる	1	0.000699
1937	1	0.000699
大神	1	0.000699
勅語	1	0.000699
問わ	1	0.000699
当局	1	0.000699
憂き目	1	0.000699
あう	1	0.000699
引き継ぐ	1	0.000699
佐賀	1	0.000699
鳥栖	1	0.000699
静岡	1	0.000699
現在地	1	0.000699
鍬	1	0.000699
入	1	0.000699
地	1	0.000699
年	1	0.000699
打ち上げる	1	0.000699
1955	1	0.000699
衛生	1	0.000699
男子	1	0.000699
1963	1	0.000699
1967	1	0.000699
国有	1	0.000699
無断	1	0.000699
1974	1	0.000699
ヨハネ	1	0.000699
資金	1	0.000699
サラ金	1	0.000699
1999	1	0.000699
1995	1	0.000699
義務づけ	1	0.000699
役員	1	0.000699
名簿	1	0.000699
財産	1	0.000699
書類	1	0.000699
地裁	1	0.000699
三宅	1	0.000699
一彦	1	0.000699
代務	1	0.000699
過料	1	0.000699
万	1	0.000699
処し	1	0.000699
2010	1	0.000699
明治大学	1	0.000699
中野	1	0.000699
財団	1	0.000699
旧制	1	0.000699
前身	1	0.000699
河内永和	1	0.000699
最寄り駅	1	0.000699
道	1	0.000699
光丘	1	0.000699
食堂	1	0.000699
医療	1	0.000699
宝生	1	0.000699
裕	1	0.000699
米田	1	0.000699
慶	1	0.000699
三郎	1	0.000699
楽天	1	0.000699
イーグルス	1	0.000699
コーチ	1	0.000699
清原	1	0.000699
和博	1	0.000699
桑田	1	0.000699
真澄	1	0.000699
プロ	1	0.000699
選手	1	0.000699
パーフェクトリバティー教団	1	0.000699
文教	1	0.000699
是	1	0.000699
讃仰	1	0.000699
二代教祖御木徳近日知	1	0.000699
4328012789	1	0.000699
雅人	1	0.000699
他	1	0.000699
4804352058	1	0.000699
YTV	1	0.000699
グループ	1	0.000699
大衆	1	0.000699
生態	1	0.000699
4377302396	1	0.000699
現代	1	0.000699
4335160372	1	0.000699
4335160283	1	0.000699
4335160259	1	0.000699
4335160232	1	0.000699
4335160356	1	0.000699
朝日新聞社	1	0.000699
世紀	1	0.000699
千	1	0.000699
4022586060	1	0.000699
岩波	1	0.000699
新書	1	0.000699
語る	1	0.000699
池田	1	0.000699
昭	1	0.000699
事件	1	0.000699
資料	1	0.000699
書房	1	0.000699
第一法規出版	1	0.000699
政治	1	0.000699
裁判	1	0.000699
後編	1	0.000699
松野	1	0.000699
純孝	1	0.000699
辞典	1	0.000699
東京	1	0.000699
ディレクトリ	1	0.000699
精神	1	0.000699
ウィキメディア・コモンズ	1	0.000699
マルチメディア	1	0.000699
歴戦	1	0.000699
歴	1	0.000699
皇	1	0.000699
大神宮	1	0.000699
1945	1	0.000699
円応教	1	0.000699
大山ねずの命神示教会	1	0.000699
善隣	1	0.000699
光	1	0.000699
文明	1	0.000699
ぶし	1	0.000699
1962	1	0.000699
紀元	1	0.000699
慈秀	1	0.000699
ス	1	0.000699
光波	1	0.000699
ワールドメイト	1	0.000699
1985	1	0.000699
法華	1	0.000699
敬神	1	0.000699
普	1	0.000699
法会	1	0.000699
護	1	0.000699
智	1	0.000699
慧	1	0.000699
會教	1	0.000699
正義	1	0.000699
法師	1	0.000699
希	1	0.000699
正信会	1	0.000699
在家	1	0.000699
こころ	1	0.000699
会	1	0.000699
2004	1	0.000699
浄土	1	0.000699
真宗	1	0.000699
仏	1	0.000699
眼	1	0.000699
浄土真宗親鸞会	1	0.000699
1958	1	0.000699
三寶山無量壽寺	1	0.000699
密教	1	0.000699
光明	1	0.000699
1975	1	0.000699
阿含宗	1	0.000699
言	1	0.000699
オウム真理教	1	0.000699
ホアハオ	1	0.000699
1939	1	0.000699
キリスト教	1	0.000699
末日	1	0.000699
聖徒	1	0.000699
モル	1	0.000699
モン	1	0.000699
1830	1	0.000699
クリスチャン	1	0.000699
サイエンス	1	0.000699
1879	1	0.000699
エホバ	1	0.000699
証人	1	0.000699
1881	1	0.000699
ブランチ・ダビディアン	1	0.000699
御霊	1	0.000699
幕屋	1	0.000699
統一教会	1	0.000699
人民	1	0.000699
寺院	1	0.000699
1956	1	0.000699
ファミリー	1	0.000699
インターナショナル	1	0.000699
1968	1	0.000699
摂理	1	0.000699
中央	1	0.000699
イスラム教	1	0.000699
バーブ	1	0.000699
1844	1	0.000699
バハーイー	1	0.000699
1863	1	0.000699
アフマディーヤ	1	0.000699
1889	1	0.000699
ネーション・オブ・イスラム	1	0.000699
UFO	1	0.000699
サイエントロジー	1	0.000699
ヘヴンズ・ゲート	1	0.000699
s	1	0.000699
ラエリアン	1	0.000699
アバターコース	1	0.000699
神智	1	0.000699
1875	1	0.000699
人智	1	0.000699
カオダイ	1	0.000699
1919	1	0.000699
瑠璃	1	0.000699
悪魔	1	0.000699
シルバメソッド	1	0.000699
GLA	1	0.000699
1969	1	0.000699
千乃	1	0.000699
正法	1	0.000699
偕和	1	0.000699
會	1	0.000699
ライフ	1	0.000699
スペース	1	0.000699
学会	1	0.000699
幸福	1	0.000699
科学	1	0.000699
ランドマーク・エデュケーション	1	0.000699
1991	1	0.000699
法輪	1	0.000699
功	1	0.000699
1992	1	0.000699
http	1	0.000699
ja	1	0.000699
wikipedia	1	0.000699
org	1	0.000699
wiki	1	0.000699
91	1	0.000699
AF	1	0.000699
88	1	0.000699
AA	1	0.000699
90	1	0.000699
86	1	0.000699
99	1	0.000699
B	1	0.000699
カテゴリ	1	0.000699
教派	1	0.000699
