月	47	0.044634
3	21	0.019943
ひな	20	0.018993
2010	19	0.018044
4	16	0.015195
1998	16	0.015195
日本テレビ	15	0.014245
吉川	11	0.010446
し	11	0.010446
12	11	0.010446
1	11	0.010446
フジテレビ	11	0.010446
2009	11	0.010446
2	10	0.009497
6	9	0.008547
日本	8	0.007597
映画	8	0.007597
1997	8	0.007597
TBS	8	0.007597
2001	7	0.006648
ゲスト	7	0.006648
5	6	0.005698
7	6	0.005698
8	6	0.005698
9	6	0.005698
人物	5	0.004748
アルバム	5	0.004748
1999	5	0.004748
10	5	0.004748
E	5	0.004748
1979	4	0.003799
21	4	0.003799
ある	4	0.003799
テレビ	4	0.003799
27	4	0.003799
81	4	0.003799
項目	4	0.003799
節	3	0.002849
あり	3	0.002849
出身	3	0.002849
東京	3	0.002849
B	3	0.002849
サイズ	3	0.002849
ファッションモデル	3	0.002849
女優	3	0.002849
タレント	3	0.002849
レプロエンタテインメント	3	0.002849
作品	3	0.002849
バラエティ	3	0.002849
さ	3	0.002849
新人	3	0.002849
Spica	3	0.002849
キャラクター	3	0.002849
兄	3	0.002849
1995	3	0.002849
読売	3	0.002849
ゴールデン	3	0.002849
2006	3	0.002849
11	3	0.002849
レギュラー	3	0.002849
20	3	0.002849
13	3	0.002849
毎日放送	3	0.002849
俳優	3	0.002849
記事	2	0.001899
雑多	2	0.001899
内容	2	0.001899
箇条	2	0.001899
する	2	0.001899
よし	2	0.001899
プロフィール	2	0.001899
30	2	0.001899
東久留米	2	0.001899
2007	2	0.001899
身長	2	0.001899
体重	2	0.001899
cm	2	0.001899
スリー	2	0.001899
80	2	0.001899
82	2	0.001899
22	2	0.001899
1993	2	0.001899
モデル	2	0.001899
カテゴリ	2	0.001899
来歴	2	0.001899
主	2	0.001899
TV	2	0.001899
ドラマ	2	0.001899
番組	2	0.001899
CM	2	0.001899
CD	2	0.001899
シングル	2	0.001899
書籍	2	0.001899
脚注	2	0.001899
外部	2	0.001899
瀬戸内	2	0.001899
ムーンライト	2	0.001899
セレナーデ	2	0.001899
アカデミー	2	0.001899
ビジュアル	2	0.001899
バンド	2	0.001899
下着	2	0.001899
2003	2	0.001899
2004	2	0.001899
高田	2	0.001899
一也	2	0.001899
犬	2	0.001899
本名	2	0.001899
原田	2	0.001899
関西テレビ	2	0.001899
物語	2	0.001899
1996	2	0.001899
2002	2	0.001899
恋する	2	0.001899
15	2	0.001899
BS	2	0.001899
2005	2	0.001899
TOKYO	2	0.001899
2000	2	0.001899
テレビ朝日	2	0.001899
R	2	0.001899
ろ	2	0.001899
ゃべくり	2	0.001899
007	2	0.001899
2008	2	0.001899
19	2	0.001899
さんま	2	0.001899
77	2	0.001899
1990	2	0.001899
One	2	0.001899
篠山	2	0.001899
紀	2	0.001899
信	2	0.001899
写真	2	0.001899
Hinano	2	0.001899
Yoshikawa	2	0.001899
アロー	2	0.001899
グラフ	2	0.001899
ベスト	2	0.001899
ー	2	0.001899
由美	2	0.001899
かおる	2	0.001899
89	2	0.001899
90	2	0.001899
C	2	0.001899
キャンペーン	2	0.001899
書き	2	0.001899
求め	2	0.001899
ファッション	2	0.001899
出典	1	0.000950
フリー	1	0.000950
百科	1	0.000950
事典	1	0.000950
ウィキペディア	1	0.000950
Wikipedia	1	0.000950
ナビゲーション	1	0.000950
事項	1	0.000950
本文	1	0.000950
組み入れる	1	0.000950
必要	1	0.000950
生年月日	1	0.000950
年齢	1	0.000950
血液	1	0.000950
時点	1	0.000950
168	1	0.000950
kg	1	0.000950
57	1	0.000950
単位	1	0.000950
lb	1	0.000950
31	1	0.000950
32	1	0.000950
in	1	0.000950
ジャンル	1	0.000950
他	1	0.000950
テンプレート	1	0.000950
愛称	1	0.000950
嬢	1	0.000950
いち	1	0.000950
ゅう	1	0.000950
目次	1	0.000950
銀座	1	0.000950
ウィンドウ	1	0.000950
伊勢丹	1	0.000950
SHAZNA	1	0.000950
ボーカル	1	0.000950
IZAM	1	0.000950
櫻田	1	0.000950
宗久	1	0.000950
ユニット	1	0.000950
通販	1	0.000950
カタログピーチジョン	1	0.000950
務める	1	0.000950
舞台	1	0.000950
パリ	1	0.000950
コレクション	1	0.000950
ピーチ	1	0.000950
ジョン	1	0.000950
表紙	1	0.000950
飾る	1	0.000950
家族	1	0.000950
父	1	0.000950
母	1	0.000950
姉	1	0.000950
妹	1	0.000950
マン	1	0.000950
ボディビルダー	1	0.000950
動物	1	0.000950
大型	1	0.000950
小型	1	0.000950
十	1	0.000950
数	1	0.000950
猫	1	0.000950
爬虫類	1	0.000950
囲ま	1	0.000950
暮らし	1	0.000950
芸名	1	0.000950
話し	1	0.000950
自身	1	0.000950
著書	1	0.000950
ハワイ	1	0.000950
花	1	0.000950
名前	1	0.000950
父親	1	0.000950
答え	1	0.000950
容姿	1	0.000950
ハーフ	1	0.000950
思わ	1	0.000950
本人	1	0.000950
ブログ	1	0.000950
自分	1	0.000950
フランス	1	0.000950
アメリカ	1	0.000950
クウォーター	1	0.000950
荒木	1	0.000950
元太郎	1	0.000950
手	1	0.000950
立体	1	0.000950
模型	1	0.000950
作ら	1	0.000950
好き	1	0.000950
お笑い	1	0.000950
芸人	1	0.000950
ネプチューン	1	0.000950
泰造	1	0.000950
堀内	1	0.000950
健	1	0.000950
想う	1	0.000950
逢い	1	0.000950
周	1	0.000950
富	1	0.000950
徳	1	0.000950
オンリー・ユー	1	0.000950
愛さ	1	0.000950
三	1	0.000950
姉妹	1	0.000950
鈴木蘭々	1	0.000950
野村	1	0.000950
佑香	1	0.000950
世紀	1	0.000950
詩	1	0.000950
SPEED	1	0.000950
STAR	1	0.000950
14	1	0.000950
ボウル	1	0.000950
ファースト	1	0.000950
シリーズ	1	0.000950
内科	1	0.000950
25	1	0.000950
ボラ	1	0.000950
ライバル	1	0.000950
EYES	1	0.000950
日	1	0.000950
仏	1	0.000950
いぬ	1	0.000950
えい	1	0.000950
カミュ	1	0.000950
知ら	1	0.000950
ホーン	1	0.000950
テッド	1	0.000950
ハイウェイ	1	0.000950
原題	1	0.000950
DEATH	1	0.000950
RIDE	1	0.000950
米	1	0.000950
ホラー	1	0.000950
含む	1	0.000950
学校	1	0.000950
教え	1	0.000950
1994	1	0.000950
ゴーゴゴー	1	0.000950
笑っ	1	0.000950
徹子	1	0.000950
部屋	1	0.000950
ハニカミ	1	0.000950
吉沢	1	0.000950
悠	1	0.000950
サルヂエ	1	0.000950
中京	1	0.000950
ワン	1	0.000950
ナイ	1	0.000950
もん	1	0.000950
学園	1	0.000950
未来	1	0.000950
2011	1	0.000950
中井	1	0.000950
正広	1	0.000950
ブラックバラエティ	1	0.000950
恋	1	0.000950
騒ぎ	1	0.000950
ザ・イロモネア	1	0.000950
痛快	1	0.000950
明石	1	0.000950
家電	1	0.000950
浜	1	0.000950
ぷっ	1	0.000950
すま	1	0.000950
奇跡	1	0.000950
アンビリバボー	1	0.000950
タウン	1	0.000950
DX	1	0.000950
クイズ	1	0.000950
MAN	1	0.000950
月光	1	0.000950
音楽	1	0.000950
時短	1	0.000950
SHOW	1	0.000950
ホンネ	1	0.000950
殿堂	1	0.000950
紳助	1	0.000950
わかる	1	0.000950
THE	1	0.000950
億	1	0.000950
17	1	0.000950
スジ	1	0.000950
ナシ	1	0.000950
中部日本放送	1	0.000950
おもい	1	0.000950
ッ	1	0.000950
DON	1	0.000950
ウチ	1	0.000950
くる	1	0.000950
28	1	0.000950
知っ	1	0.000950
REAL	1	0.000950
FASHION	1	0.000950
春	1	0.000950
夏	1	0.000950
NHK	1	0.000950
スペシャル	1	0.000950
18	1	0.000950
アナザースカイ	1	0.000950
踊る	1	0.000950
御殿	1	0.000950
23	1	0.000950
韓	1	0.000950
スター	1	0.000950
弾丸	1	0.000950
ツアー	1	0.000950
テレビ東京	1	0.000950
体感	1	0.000950
くち	1	0.000950
ジャック	1	0.000950
ひみ	1	0.000950
嵐	1	0.000950
29	1	0.000950
おし	1	0.000950
ツアーズ	1	0.000950
行き	1	0.000950
なる	1	0.000950
おもしろ	1	0.000950
名城	1	0.000950
16	1	0.000950
三菱自動車工業	1	0.000950
パジェロ	1	0.000950
ミニ	1	0.000950
江崎グリコ	1	0.000950
ポッキー	1	0.000950
小絹	1	0.000950
キリンビバレッジ	1	0.000950
サプリ	1	0.000950
キヤノン	1	0.000950
BJ	1	0.000950
プリンタ	1	0.000950
資生堂	1	0.000950
MA	1	0.000950
CHERIE	1	0.000950
商品	1	0.000950
花王	1	0.000950
ソフィーナ	1	0.000950
レイシャス	1	0.000950
オーラチェンジファンデーション	1	0.000950
東京テレメッセージ	1	0.000950
トヨタ自動車	1	0.000950
ターセル	1	0.000950
ハート	1	0.000950
涙	1	0.000950
ウサギ	1	0.000950
SAY	1	0.000950
GOOD	1	0.000950
BYE	1	0.000950
ホット	1	0.000950
ミルク	1	0.000950
ドラえもん	1	0.000950
のび太	1	0.000950
南海	1	0.000950
主題歌	1	0.000950
More	1	0.000950
Kiss	1	0.000950
メロウプリティー	1	0.000950
I	1	0.000950
am	1	0.000950
pink	1	0.000950
名義	1	0.000950
We	1	0.000950
Love	1	0.000950
イルージョン	1	0.000950
ナチュラル	1	0.000950
生まれ	1	0.000950
あそび	1	0.000950
Accidents	1	0.000950
series	1	0.000950
arpm	1	0.000950
チュッ	1	0.000950
Blue	1	0.000950
Diamond	1	0.000950
藤代	1	0.000950
砂	1	0.000950
52	1	0.000950
毎日	1	0.000950
コンクール	1	0.000950
スポニチ	1	0.000950
グランプリ	1	0.000950
35	1	0.000950
ベストジーニスト	1	0.000950
大賞	1	0.000950
高崎	1	0.000950
アイドル	1	0.000950
ドレッサー	1	0.000950
ビデオ	1	0.000950
DVD	1	0.000950
ネイルクイーン	1	0.000950
公式	1	0.000950
ペット	1	0.000950
感覚	1	0.000950
マガジン	1	0.000950
puppine	1	0.000950
巻頭	1	0.000950
・	1	0.000950
歴	1	0.000950
1960	1	0.000950
67	1	0.000950
西野	1	0.000950
バレエ	1	0.000950
金井	1	0.000950
克子	1	0.000950
糸子	1	0.000950
奈美	1	0.000950
悦子	1	0.000950
68	1	0.000950
丸山	1	0.000950
明宏	1	0.000950
69	1	0.000950
浅丘	1	0.000950
ルリ子	1	0.000950
1970	1	0.000950
70	1	0.000950
辺見	1	0.000950
マリ	1	0.000950
71	1	0.000950
池	1	0.000950
玲子	1	0.000950
72	1	0.000950
山本	1	0.000950
リンダ	1	0.000950
73	1	0.000950
74	1	0.000950
西城	1	0.000950
秀樹	1	0.000950
75	1	0.000950
岡田	1	0.000950
奈々	1	0.000950
76	1	0.000950
松本	1	0.000950
ちえこ	1	0.000950
夏目	1	0.000950
雅子	1	0.000950
78	1	0.000950
ピンク	1	0.000950
レディー	1	0.000950
79	1	0.000950
榊原	1	0.000950
郁恵	1	0.000950
1980	1	0.000950
河合	1	0.000950
奈保子	1	0.000950
柏原	1	0.000950
よしえ	1	0.000950
美保	1	0.000950
純	1	0.000950
83	1	0.000950
田原	1	0.000950
俊彦	1	0.000950
84	1	0.000950
小泉	1	0.000950
今日子	1	0.000950
85	1	0.000950
沢口	1	0.000950
靖子	1	0.000950
86	1	0.000950
本田	1	0.000950
美奈子	1	0.000950
87	1	0.000950
南野	1	0.000950
陽子	1	0.000950
88	1	0.000950
浅香	1	0.000950
唯	1	0.000950
井森	1	0.000950
美幸	1	0.000950
西田	1	0.000950
ひかる	1	0.000950
91	1	0.000950
観月	1	0.000950
92	1	0.000950
ガールズ	1	0.000950
93	1	0.000950
鈴木	1	0.000950
杏樹	1	0.000950
94	1	0.000950
瀬戸	1	0.000950
朝香	1	0.000950
95	1	0.000950
雛形	1	0.000950
あきこ	1	0.000950
96	1	0.000950
広末	1	0.000950
涼子	1	0.000950
97	1	0.000950
98	1	0.000950
優香	1	0.000950
99	1	0.000950
本上	1	0.000950
まなみ	1	0.000950
00	1	0.000950
釈由美子	1	0.000950
01	1	0.000950
井川	1	0.000950
遥	1	0.000950
02	1	0.000950
吉岡	1	0.000950
美穂	1	0.000950
03	1	0.000950
井上	1	0.000950
和香	1	0.000950
04	1	0.000950
岩佐	1	0.000950
真悠子	1	0.000950
05	1	0.000950
安田	1	0.000950
美沙子	1	0.000950
06	1	0.000950
ほし	1	0.000950
あき	1	0.000950
07	1	0.000950
南	1	0.000950
明奈	1	0.000950
雑誌	1	0.000950
協会	1	0.000950
西暦	1	0.000950
年度	1	0.000950
09	1	0.000950
佐々木	1	0.000950
希	1	0.000950
桜	1	0.000950
庭	1	0.000950
なみ	1	0.000950
P	1	0.000950
PJ	1	0.000950
芸能人	1	0.000950
ポータル	1	0.000950
http	1	0.000950
ja	1	0.000950
wikipedia	1	0.000950
org	1	0.000950
wiki	1	0.000950
D	1	0.000950
AA	1	0.000950
AE	1	0.000950
女性	1	0.000950
