し	44	0.036095
3	35	0.028712
ケルン	30	0.024610
高速	27	0.022149
鉄道	26	0.021329
さ	23	0.018868
空港	23	0.018868
する	22	0.018048
路線	18	0.014766
月	18	0.014766
フランクフルト	16	0.013126
列車	16	0.013126
E	16	0.013126
m	15	0.012305
km	14	0.011485
1	14	0.011485
A	14	0.011485
9	13	0.010664
ライン	12	0.009844
区間	12	0.009844
2	12	0.009844
ボン	12	0.009844
ドイツ	11	0.009024
ルート	11	0.009024
中央	11	0.009024
ICE	10	0.008203
軌道	10	0.008203
4	10	0.008203
h	9	0.007383
方向	9	0.007383
マイン	8	0.006563
勾配	8	0.006563
最高	8	0.006563
なっ	8	0.006563
ヴィースバーデン	8	0.006563
ループ	7	0.005742
7	7	0.005742
速度	7	0.005742
方面	7	0.005742
83	7	0.005742
アウトバーン	6	0.004922
連邦	6	0.004922
規格	6	0.004922
12	6	0.004922
5	6	0.004922
なる	6	0.004922
沿っ	5	0.004102
方式	5	0.004102
DB	5	0.004102
300	5	0.004102
トンネル	5	0.004102
リンブルク	5	0.004102
新駅	5	0.004102
行わ	5	0.004102
南	5	0.004102
向かう	5	0.004102
15	5	0.004102
13	5	0.004102
通り	5	0.004102
B	5	0.004102
ある	4	0.003281
2002	4	0.003281
半径	4	0.003281
行っ	4	0.003281
駅	4	0.003281
ジークブルク・ボン	4	0.003281
中心	4	0.003281
北	4	0.003281
mm	4	0.003281
82	4	0.003281
コンクリート	4	0.003281
ジーク	4	0.003281
フランクフルト・アム・マイン	3	0.002461
180	3	0.002461
40	3	0.002461
近距離	3	0.002461
旅客	3	0.002461
貨物	3	0.002461
含ま	3	0.002461
求め	3	0.002461
最大	3	0.002461
20	3	0.002461
コブ	3	0.002461
レンツ	3	0.002461
あっ	3	0.002461
66	3	0.002461
系統	3	0.002461
モンタバウアー	3	0.002461
国際	3	0.002461
マンハイム	3	0.002461
間隔	3	0.002461
最初	3	0.002461
8	3	0.002461
16	3	0.002461
レール	3	0.002461
来	3	0.002461
ホーエンツォレルン	3	0.002461
右岸	3	0.002461
結ぶ	2	0.001641
全長	2	0.001641
動力	2	0.001641
1995	2	0.001641
沿革	2	0.001641
概要	2	0.001641
経路	2	0.001641
沿線	2	0.001641
文献	2	0.001641
遠距離	2	0.001641
交通	2	0.001641
近い	2	0.001641
000	2	0.001641
線形	2	0.001641
費用	2	0.001641
LGV	2	0.001641
厳しく	2	0.001641
ノルトライン	2	0.001641
ヴェストファーレン	2	0.001641
ラインラント	2	0.001641
プファルツ	2	0.001641
ヘッセン	2	0.001641
州	2	0.001641
マインツ	2	0.001641
都市	2	0.001641
政府	2	0.001641
運輸	2	0.001641
大臣	2	0.001641
含む	2	0.001641
詳細	2	0.001641
地域	2	0.001641
かなり	2	0.001641
ジークブルク	2	0.001641
技術	2	0.001641
在来	2	0.001641
48	2	0.001641
付近	2	0.001641
複線	2	0.001641
リート	2	0.001641
法律	2	0.001641
最後	2	0.001641
1999	2	0.001641
最終	2	0.001641
2001	2	0.001641
機関	2	0.001641
万	2	0.001641
一般	2	0.001641
デュッセルドルフ	2	0.001641
2004	2	0.001641
スラブ	2	0.001641
ケルン・メッセ・ドイツ	2	0.001641
11	2	0.001641
渡る	2	0.001641
本線	2	0.001641
別れ	2	0.001641
南橋	2	0.001641
トロイスドルフ	2	0.001641
転	2	0.001641
向かっ	2	0.001641
160	2	0.001641
書き	2	0.001641
項目	2	0.001641
記事	2	0.001641
PJ	2	0.001641
AB	2	0.001641
出典	1	0.000820
フリー	1	0.000820
百科	1	0.000820
事典	1	0.000820
ウィキペディア	1	0.000820
Wikipedia	1	0.000820
ナビゲーション	1	0.000820
de	1	0.000820
Neubaustrecke	1	0.000820
Koln	1	0.000820
Rhein	1	0.000820
Main	1	0.000820
en	1	0.000820
Cologne	1	0.000820
Frankfurt	1	0.000820
high	1	0.000820
speed	1	0.000820
rail	1	0.000820
line	1	0.000820
環境	1	0.000820
図る	1	0.000820
登坂	1	0.000820
性能	1	0.000820
優れ	1	0.000820
よれ	1	0.000820
60	1	0.000820
億	1	0.000820
ユーロ	1	0.000820
費やさ	1	0.000820
目次	1	0.000820
行く	1	0.000820
周辺	1	0.000820
赤	1	0.000820
Deutsche	1	0.000820
Bundesbahn	1	0.000820
1960	1	0.000820
1973	1	0.000820
西ドイツ	1	0.000820
ダルムシュタット	1	0.000820
行政	1	0.000820
管区	1	0.000820
グロース・ゲラウ	1	0.000820
マンハイム・シュトゥットガルト	1	0.000820
ハノーファー・ヴュルツブルク	1	0.000820
客	1	0.000820
貨両	1	0.000820
800	1	0.000820
250	1	0.000820
仕様	1	0.000820
渓谷	1	0.000820
急	1	0.000820
曲線	1	0.000820
続く	1	0.000820
橋梁	1	0.000820
直線	1	0.000820
少ない	1	0.000820
莫大	1	0.000820
困難	1	0.000820
選ん	1	0.000820
TGV	1	0.000820
1985	1	0.000820
二	1	0.000820
見	1	0.000820
フランス	1	0.000820
考え方	1	0.000820
非常	1	0.000820
大きい	1	0.000820
350	1	0.000820
アンデルナハ	1	0.000820
得	1	0.000820
1989	1	0.000820
自治体	1	0.000820
できる	1	0.000820
空港南	1	0.000820
S	1	0.000820
通す	1	0.000820
新た	1	0.000820
みなさ	1	0.000820
LRT	1	0.000820
21	1	0.000820
地点	1	0.000820
コブレンツ	1	0.000820
出来る	1	0.000820
合わせ	1	0.000820
候補	1	0.000820
コスト	1	0.000820
安い	1	0.000820
南部	1	0.000820
場所	1	0.000820
ラーンタール	1	0.000820
Lahntalbahn	1	0.000820
交点	1	0.000820
面	1	0.000820
オプション	1	0.000820
東側	1	0.000820
通る	1	0.000820
Riedbahn	1	0.000820
乗り入れる	1	0.000820
十分	1	0.000820
間	1	0.000820
決め	1	0.000820
ヴェスターブルク	1	0.000820
ヴィースバーデン・フランクフルト	1	0.000820
避け	1	0.000820
案	1	0.000820
1993	1	0.000820
基づい	1	0.000820
1998	1	0.000820
曲	1	0.000820
小さく	1	0.000820
320	1	0.000820
近付ける	1	0.000820
カント	1	0.000820
用地	1	0.000820
70	1	0.000820
50	1	0.000820
狭め	1	0.000820
92	1	0.000820
フランクフルター・クロイツ	1	0.000820
1997	1	0.000820
Matthias	1	0.000820
Wissmann	1	0.000820
ノルトライン・ヴェストファーレン	1	0.000820
鍬入れ	1	0.000820
シュロス・レットゲントンネル	1	0.000820
必要	1	0.000820
2000	1	0.000820
長距離	1	0.000820
30	1	0.000820
全線	1	0.000820
地質	1	0.000820
長い	1	0.000820
500	1	0.000820
シュールヴァルトトンネル	1	0.000820
敷か	1	0.000820
架線	1	0.000820
ディーゼル	1	0.000820
10	1	0.000820
22	1	0.000820
イドシュタイン	1	0.000820
37	1	0.000820
期間	1	0.000820
及ぼし	1	0.000820
現場	1	0.000820
100	1	0.000820
当	1	0.000820
750	1	0.000820
土砂	1	0.000820
取り除か	1	0.000820
注が	1	0.000820
400	1	0.000820
雇わ	1	0.000820
犠牲	1	0.000820
25	1	0.000820
セレモニー	1	0.000820
開か	1	0.000820
社長	1	0.000820
来賓	1	0.000820
続き	1	0.000820
併結	1	0.000820
700	1	0.000820
乗せ	1	0.000820
特別	1	0.000820
向け	1	0.000820
32	1	0.000820
ミュンヘン	1	0.000820
シュトゥットガルト	1	0.000820
ルール	1	0.000820
地方	1	0.000820
ドルトムント	1	0.000820
国内	1	0.000820
アムステルダム	1	0.000820
バーゼル	1	0.000820
日	1	0.000820
中	1	0.000820
頻度	1	0.000820
体系	1	0.000820
異なり	1	0.000820
珍しく	1	0.000820
義務付け	1	0.000820
6	1	0.000820
始め	1	0.000820
終わり	1	0.000820
含	1	0.000820
kV	1	0.000820
Hz	1	0.000820
3320	1	0.000820
保安	1	0.000820
LZB	1	0.000820
GSM	1	0.000820
R	1	0.000820
枕木	1	0.000820
組み立て	1	0.000820
固める	1	0.000820
ブロック	1	0.000820
固め	1	0.000820
方法	1	0.000820
取ら	1	0.000820
高低	1	0.000820
偏差	1	0.000820
軌間	1	0.000820
436	1	0.000820
東	1	0.000820
ヨーロッパ	1	0.000820
ヴッパータール	1	0.000820
折り返し	1	0.000820
せ	1	0.000820
・	1	0.000820
地平	1	0.000820
ホーム	1	0.000820
アーヘン	1	0.000820
西	1	0.000820
渡っ	1	0.000820
西側	1	0.000820
バイパス	1	0.000820
渡り	1	0.000820
北西	1	0.000820
ケルン・ポルツ・ヴァーン	1	0.000820
グレムベルク	1	0.000820
各線	1	0.000820
集まる	1	0.000820
ケルン・ポルツ	1	0.000820
始まる	1	0.000820
トロイソドルフ	1	0.000820
ポルツ・トロイスドルフ	1	0.000820
集まっ	1	0.000820
200	1	0.000820
627	1	0.000820
離れ	1	0.000820
ボン・ボイエル	1	0.000820
たどっ	1	0.000820
達する	1	0.000820
走り	1	0.000820
ジーカウエントンネル	1	0.000820
Siegauen	1	0.000820
Tunnel	1	0.000820
220	1	0.000820
郊外	1	0.000820
ブレッケンハイム	1	0.000820
Breckenheim	1	0.000820
部分	1	0.000820
Landches	1	0.000820
ウィキメディア・コモンズ	1	0.000820
マルチメディア	1	0.000820
あり	1	0.000820
ジャーナル	1	0.000820
東原	1	0.000820
昭彦	1	0.000820
75	1	0.000820
79	1	0.000820
P	1	0.000820
CP	1	0.000820
http	1	0.000820
ja	1	0.000820
wikipedia	1	0.000820
org	1	0.000820
wiki	1	0.000820
BB	1	0.000820
EF	1	0.000820
BC	1	0.000820
D	1	0.000820
98	1	0.000820
80	1	0.000820
F	1	0.000820
89	1	0.000820
84	1	0.000820
81	1	0.000820
93	1	0.000820
カテゴリ	1	0.000820
